1.  0 0 340655473 998935084353 Samandar
2.  0 123456789 1220661230 998990990078 Jaloliddin Yusupov
3.  1 200131662 139204666 998937850078 Rasuljon Yusupov
4.  1 200131662 6003890947 998337850078 Бу Мен
5.  1 200918719 1259932 998906333330 Отабек Каримов
6.  1 200918719 1536495 998946333595 Qodirbek Qurvonbekov
7.  1 200918719 1744957 998936401254 ...... ......
8.  1 200918719 2129655 998905504040 Камолиддин Сангинов.
9.  1 200918719 2207154 998944941090 Ilhom Asqarov
10.  1 200918719 3952973 998903209300 Dilshodbek Ubaydullayev
11.  1 200918719 6500754 998999901982 ❰꯭ƃ꯭e꯭𝑥꯭𝓩꯭o꯭𝓓꯭➲꯭➣꯭❱
12.  1 200918719 8187511 998913964101 ﷽ 𝒜𝓁𝒽𝒶𝓂𝒹𝓊𝓁𝒾𝓁𝓁𝒶𝒽 ﷽
13.  1 200918719 11264075 998901247755 N
14.  1 200918719 24979090 998916798008 Камилов А.А.
15.  1 200918719 26425878 998906295639 Шавкат Каримов
16.  1 200918719 26628597 998903083883 ياشين ياخييويش
17.  1 200918719 27672081 998911397227 ЖАСУРБЕК АБДУФАТТОХ
18.  1 200918719 31069785 998905508909 Маматкулов Таваккал Мухторович Маматкулов Таваккал Мухторович
19.  1 200918719 31157465 998901510017 ISLOMXON
20.  1 200918719 36506263 998917979555 IʠδσĻĵσฑ { & ძĵ.ŝჩσჩ !!! & }
21.  1 200918719 37652596 998901265458 *
22.  1 200918719 43522694 998903304477 А
23.  1 200918719 43928675 998905339990 𝐔.𝐁.𝐕.
24.  1 200918719 47454032 998945671002 ISKANDAR🇺🇿 ADHAMOV
25.  1 200918719 47945372 998916883930 Х О N
26.  1 200918719 49244544 998903266456 Azamat Akbarov
27.  1 200918719 51777586 998906280001 Фарход Марданкулов
28.  1 200918719 52847214 998903578300 Muxammadjon Musayevich
29.  1 200918719 53171644 998999959898 Сардор ))
30.  1 200918719 55108825 998916926868 𝓔𝓵𝔂𝓸𝓻𝓫𝓮𝓴 𝐁𝐥𝐨𝐠𝐞𝐫
31.  1 200918719 58610704 998903072107 Абдулазиз
32.  0 200918719 59037388 998909229227 Olim Mardaliyev
33.  1 200918719 61096432 998905069798 _©_ _®_
34.  1 200918719 61293429 998911498183 Iqrorjon Qambarov
35.  1 200918719 62976079 998912016303 DILMUROD .
36.  1 200918719 68085623 998911503335 👑 👑
37.  1 200918719 68967920 998913655995 Лутпиддин Хусанов
38.  1 200918719 69497515 998912017800 Фахриддин Норматов
39.  1 200918719 79132190 998916850443 Махфуза Сабирова
40.  1 200918719 79470573 998902916168 Достонбек
41.  1 200918719 81211191 998905072120 Milan Mariya
42.  1 200918719 81215244 998909539300 BOBOMUROD TIRKASHEV ......
43.  1 200918719 81545008 998905870282 @Ziyo_uz89
44.  1 200918719 81805167 998905069263 Света
45.  1 200918719 82641333 998916822992 ULUGBEK
46.  1 200918719 83100987 998945019575 Махмуджон
47.  1 200918719 85993673 998903447555 Иброхимжон
48.  1 200918719 86096819 998906340247 GABARJUBA
49.  1 200918719 87409971 998909030120 S.M.B
50.  1 200918719 89410220 998944566066 Abror
51.  1 200918719 90880368 998903063001 Сохибжон
52.  1 200918719 92660286 998950170086 Р.А.Р.
53.  1 200918719 95891026 998903084777 Cолиев Э. И.
54.  1 200918719 96208383 998934979119 Саидбурхон
55.  1 200918719 98217559 998945529999 👉🕋MO'MINJON🕋👈
56.  1 200918719 98759872 998916993636 Sherzod Kholmatov
57.  1 200918719 99012317 998903056858 Odina Mirgiyazova
58.  1 200918719 99509362 998917910033 Xudoberganov O'lmasjon
59.  1 200918719 99818676 998903079991 Rashidjon Madatov
60.  1 200918719 99967626 998905564974 Нодир Одилович Исанов
61.  1 200918719 100765712 998911412307 Mirodiljon
62.  1 200918719 103736347 998916926686 ♠Назиров♠
63.  1 200918719 107439564 998911269200 Ulug'bek
64.  1 200918719 107958160 998902113513 Хамидиллo Турдиев
65.  1 200918719 111297624 998908088732 حَسَن
66.  1 200918719 113805730 998903620010 Shukurullo Umurzaqov
67.  1 200918719 113872746 998903366968 Otabek
68.  1 200918719 118417939 998911438791 Muhammadbilol
69.  1 200918719 120565492 998911382838 👑Me LORD👑 Ahmedov F.F
70.  1 200918719 121918730 998904088222 Илхомжон Косимов
71.  1 200918719 122604402 998911492111 Комилов Саидумархон Собирович
72.  1 200918719 122702294 998903300913 Рашиджон Зияев
73.  1 200918719 125298112 998913235565 Атаджанов Ш
74.  1 200918719 131865887 998975570228 Хамдамали
75.  1 200918719 134574567 998916830607 ZAN
76.  1 200918719 135028105 998916609393 Axrorbek
77.  1 200918719 136644614 998905669750 O. Usmonov
78.  1 200918719 137188040 998916831455 Фарходжон Искандаров
79.  1 200918719 137665681 998934800032 Zohidjon Alijonov
80.  0 200918719 140103767 998912865960 Мирзо Каримов
81.  1 200918719 142296704 998916521871 Уткирбек Рахманов
82.  1 200918719 144160082 998905089897 Muzaffar isakov
83.  1 200918719 144862819 998911491902 89571
84.  1 200918719 147071196 998916776267 Бек
85.  1 200918719 147349442 998906339003 Yoqubjon
86.  1 200918719 148559396 998905665568 Абдуллаева Хушнида
87.  1 200918719 152057852 998916858989 FARRUHJON
88.  1 200918719 156312922 998905877859 ..........
89.  1 200918719 156438999 998944112209 🚄Alisher🚅
90.  1 200918719 158104785 998939408787 +99893-778-88-02 Даврон
91.  1 200918719 161090556 998904073388 Бахтиёр Ниёзов
92.  1 200918719 162452912 998906333743 ▶MBR◀¹⁹⁹³`
93.  1 200918719 164897639 998901510575 Ulug'bek
94.  1 200918719 165392540 998905096053 Асал Муминовна
95.  1 200918719 165714319 998941724272 Кобилжон Абдумаликов
96.  1 200918719 168269465 998977200096 Akmaljon Saliev
97.  1 200918719 170242041 998995122532 Усманов А.А
98.  1 200918719 172711175 998914939007 Yunusov D I
99.  1 200918719 173350291 998901611242 Shuhratjon
100.  1 200918719 176901429 998977429599 ..
101.  1 200918719 177794707 998903058192 Джураев Улугбек
102.  1 200918719 178749790 998946842407 Murod
103.  1 200918719 180371703 998916807733 Жаҳонгир Исмоилович
104.  1 200918719 181159219 998916739919 Shox
105.  1 200918719 181551005 998944415885 99894441588
106.  1 200918719 183725568 998916579096 Usmonov Dilshodjon
107.  1 200918719 183978850 998999157731 Усманова г.
108.  1 200918719 191852084 998903067607 B.D. Yigitaliyev
109.  1 200918719 194601615 998905803699 Muxammad Yusuf
110.  1 200918719 204486884 998911566617 🎀Musfira Muslima🎀
111.  1 200918719 205335434 998911510231 Mirolim Abduhalimov
112.  1 200918719 207068112 998977330917 sanjar nozimov
113.  1 200918719 207748030 998905653855 Акмалхон
114.  1 200918719 211770013 998941372042 Рустам Кенжабоев
115.  1 200918719 213249770 998916744940 Fargonani Aygiri Nadirmatti borisi
116.  1 200918719 213786546 998912010212 Uzb...
117.  1 200918719 214407617 998916535255 Кахрамонжон
118.  1 200918719 215478171 998905869400 Abbosxon
119.  1 200918719 219109737 998936481558 Jaxongir
120.  1 200918719 219525831 998916782133 Мубина Элбек Жахонгир Исмоиловлар
121.  1 200918719 221157464 998912008825 Махмуджон
122.  1 200918719 224066658 998911431349 Jalolov Vohid
123.  1 200918719 224356565 998901608060 777777
124.  1 200918719 230838648 998903074141 Маҳмудов М. 🇺🇿
125.  1 200918719 237088258 998916664886 Фахриддинбек
126.  1 200918719 246041294 998916553555 МИРЗАХАМДАМОВ ХХ
127.  1 200918719 246121052 998909764101 Muhammadjon Nishonov
128.  1 200918719 246677769 998911412345 Farohiddin
129.  1 200918719 248157297 998905503130 Бурхон 3130
130.  1 200918719 251918290 998913563186 TM
131.  1 200918719 252278556 998912038178 Shuhratjon ☠☠☠
132.  1 200918719 252416061 998902232355 Достонбек
133.  1 200918719 252607632 998904067378 Jahongir
134.  1 200918719 253927980 998937302441 AKRAMJON
135.  1 200918719 256100752 998911502026 Севарахон
136.  1 200918719 256962644 998911550559 Ulugbek Haydarov
137.  1 200918719 258238429 998901500255 __حَا_ن__
138.  1 200918719 260286350 998949023242 Islomiddin Nuraliyev
139.  1 200918719 261378475 998916976035 Крутая
140.  1 200918719 266254772 998904080252 U
141.  1 200918719 266479934 998936786815 Волшебник
142.  1 200918719 268555433 998944480828 IBM
143.  1 200918719 269465788 998912058011 Толибжон Аминов
144.  1 200918719 277325958 998944494942 Xayitmirzo Jo'rayev
145.  1 200918719 278002216 998916784648 Asadbek Yo'ldoshev
146.  1 200918719 278882169 998911420001 0001
147.  1 200918719 279137669 998903908202 Гул
148.  1 200918719 280357410 998906272322 Нодира Махмудходжаева
149.  1 200918719 282816343 998911529404 Бобур 😋☺☺☺☺
150.  1 200918719 283068960 998944459516 Dilshod
151.  1 200918719 283323847 998905868283 Акмалжон
152.  1 200918719 283388684 998909792662 Toshtemirov Ulugbek
153.  1 200918719 285652842 998933744445 🔜☣☣☣🔙 💤💣💤💣
154.  1 200918719 288635902 998916687175 Баходир Рустамов
155.  1 200918719 289968774 998916861177 Shaxboz
156.  1 200918719 290012292 998939117868 Мамадалиев
157.  1 200918719 290434162 998916743311 Bobur Meliboyev
158.  1 200918719 292348676 998934001977 0107
159.  1 200918719 295188613 998916626696 @@@@@@ @@@@@@
160.  1 200918719 295724965 998901351693 Исмаилович
161.  1 200918719 297660689 998912030083 Лариса Власова
162.  1 200918719 301155799 998911430091 Акбархон Кодиров
163.  1 200918719 301780846 998908082837 Улугбек Рузиматов
164.  1 200918719 302795428 998908545929 ☽༆𝓞𝔀𝓵 ✞༆
165.  1 200918719 306189247 998996062102 👊ФеРгАнЕц☣
166.  1 200918719 306813857 998903053359 Шукуров илёсжон
167.  1 200918719 307790099 998903432442 Ulugbek
168.  1 200918719 308468742 998939232369 ♕(;´༎ຶٹ༎ຶ`)R҉e҉a҉l҉⚽️🇲 𝚊𝚍𝚛𝚒𝙳(;´༎ຶٹ༎ຶ`)♕
169.  1 200918719 310263024 998908547858 Sherkhan...🇺🇿🥋🤼🏻‍♂️
170.  1 200918719 310411673 998903048650 BAXROMJON
171.  1 200918719 312650084 998944001983 ТНН
172.  1 200918719 312786770 998975572443 Furqat
173.  1 200918719 313421559 998903054861 Музаффар Аскаров
174.  1 200918719 316597879 998916977878 Yorqin Usmanov
175.  1 200918719 316789698 998942188978 Мўминов А.
176.  1 200918719 317135604 998911565652 𝓗𝓪𝓷𝓭𝓼𝓸𝓶𝓮 ...
177.  1 200918719 317547003 998916742703 Барно
178.  1 200918719 317710413 998906303760 Tolqinjon Maxmudov
179.  1 200918719 318600958 998944459874 Jovlon Azimov
180.  1 200918719 323068222 998977370149 Isakbekov__12🇺🇿
181.  1 200918719 324058229 998999726449 Ilhomjon Toshmatov
182.  1 200918719 325068773 998998996067 ???????
183.  1 200918719 328431006 998916987811 Элмурод Мухаммаджонов
184.  1 200918719 329570308 998916957007 707
185.  1 200918719 332265093 998916953663 Farhodjon
186.  1 200918719 334776929 998906300103 FARXODBEK 🇺🇿҉ ❦
187.  1 200918719 334974982 998975955228 Муроджон Кодиров
188.  1 200918719 337048275 998901604070 + 998901604070 Шукурулло
189.  1 200918719 340233588 998904088448 Баходир
190.  1 200918719 340258748 998916664182 Табассумхон
191.  1 200918719 341248171 998912046821 Мехрихон
192.  1 200918719 344299706 998911091095 Davron Davlatovich
193.  1 200918719 344809085 998911191102 Ю
194.  1 200918719 347648873 998911580554 0554
195.  1 200918719 350073768 998913603454 ОМХ
196.  1 200918719 351492881 998916964545 Shukurxon Raximov
197.  1 200918719 353381294 998944938883 Jasurbek
198.  1 200918719 356770932 998903063802 Rahimjon Meliboyev
199.  1 200918719 356837132 998944925176 Toshpo'latov
200.  1 200918719 357892946 998905095977 Мухаммадюсуф
201.  1 200918719 357896976 998944961320 Алишер Розиков
202.  1 200918719 359955546 998941774517 Fc Chelsea...💙
203.  1 200918719 361677611 998916918750 ОДИЛЖОН
204.  1 200918719 363830666 998905567248 Максудов махмуджон
205.  1 200918719 364061895 998943977396 MIRJALOL
206.  1 200918719 364529259 998905062423 МЕН & СЕН
207.  1 200918719 364935320 998972128232 Хusan Tursunqulov.
208.  1 200918719 365232278 998916545858 Azizbek 5858
209.  1 200918719 365824737 998903311241 .
210.  1 200918719 369997143 998911475666 Dodon
211.  1 200918719 374148151 998944925817 WWW
212.  1 200918719 374671206 998916999969 HUDOGA SHUKUR
213.  1 200918719 375873954 998945551695 ➰MuzaffaR➰
214.  1 200918719 375899136 998913981715 Ravshanbek
215.  1 200918719 376347990 998945080980 Sherzod Abdukarimov
216.  1 200918719 376358313 998911118350 Валижон Мамажонов
217.  1 200918719 376543399 998904084945 ᗰᏆᖇᏃᝪᕼᏆᗞᒍᝪᑎ
218.  1 200918719 376586416 998911511808 Х З
219.  1 200918719 378030784 998941723567 𝕃𝕒𝕥𝕚𝕗𝕛𝕠𝕟 𝔸𝕓𝕕𝕦𝕣𝕒𝕙𝕞𝕠𝕟𝕠𝕧
220.  1 200918719 380272402 998916824346 Мурод Рахимов
221.  1 200918719 382285078 998905073301 Мавлюда Алимовна
222.  1 200918719 383085620 998901650858 .....
223.  1 200918719 387324358 998911405111 Умарова Малохатхон
224.  1 200918719 387531949 998902326781 Равшан Бек
225.  1 200918719 389803798 998911403305 ILHOMJON ROKHATOV
226.  1 200918719 390354807 998993679415 HAMIDJON
227.  1 200918719 392319343 998905888154 .....
228.  1 200918719 392352483 998915676655 Eshon
229.  1 200918719 393166527 998901508970 Сайдулло
230.  1 200918719 395375658 998903095744 Ганишер Аширматов
231.  1 200918719 396647677 998999941375 Muhammad Sodiq
232.  1 200918719 398266255 998999166355 Xalilov.Oloviddin.Kamolovich
233.  1 200918719 399160905 998902727721 Авазбек
234.  1 200918719 399582425 998999974046 •••
235.  1 200918719 402395313 998903067554 Манзурахон Рахимова
236.  1 200918719 403189001 998902778186 @Марпуша@
237.  1 200918719 405188176 998909443939 Farrukh ))
238.  1 200918719 406312527 998945083089 Lutsifer
239.  1 200918719 407190378 998916890740 الِشر
240.  1 200918719 407832090 998903048128 Мухсинжон
241.  1 200918719 409468032 998916500634 Хикматтило
242.  1 200918719 409507600 998916773311 Sherzodbek Mehmonaliyev
243.  1 200918719 411010196 998902777151 👑КОРОЛЕВА👑
244.  1 200918719 412084472 998905621727 Хасан Таджибоев
245.  0 200918719 412151898 998905630297 Исмоилжон
246.  1 200918719 412536763 998902772561 Дилшоджон
247.  1 200918719 413627111 998943031447 Baxtiyor Abdurahimov
248.  1 200918719 413911371 998911201887 Д.М
249.  1 200918719 415250130 998932196994 Odil Ismoilov
250.  1 200918719 417108762 998902749065 CASPER
251.  1 200918719 421072381 998914844282 BOBURMIRZO MADIBEKOV
252.  1 200918719 421797409 998990903172 Anvarjon Burxonov
253.  1 200918719 421990221 998903438386 Azizbek Tojiev
254.  1 200918719 425279728 998902302277 Камолиддин Абдурахманов
255.  1 200918719 427940668 998902932290 Akhmedova Ozoda
256.  1 200918719 428401485 998909240996 Asliddin
257.  1 200918719 430435463 998905345057 Асилбэк Эркинов
258.  1 200918719 431576407 998911414682 5555 5555
259.  1 200918719 436024380 998942795759 Avazbek
260.  1 200918719 437287767 998901627244 Илхомжон 796
261.  1 200918719 438912712 998911555454 G'iyosjon Ergashev
262.  1 200918719 440404119 998905566284 Муйдинжон
263.  1 200918719 440713635 998935979788 ParKoUr
264.  1 200918719 443295621 998937383492 Jamshid Sobirov
265.  1 200918719 445307732 998903055582 ПУЛАТ АЛИНДАР
266.  1 200918719 447763914 998937303382 Abduhamid Mutalibov
267.  1 200918719 448664759 998916872826 ,,ОЛЛОХИМ УЗИНГДАН УЗГАГА МУХТОЖ КИЛМАГИН"
268.  1 200918719 450049726 998908542914 Qodirali Toshmatov
269.  1 200918719 450412409 998912023885 ....
270.  1 200918719 450415960 998974262108 ||Muxammadjon||
271.  1 200918719 451729730 998903451001 Улугбек Назаров
272.  1 200918719 453637894 998902612221 Рустамов Ботирхон
273.  1 200918719 456496762 998944434460 Кушматова ☃️
274.  1 200918719 457355682 998905641195 Хуршиджон Абдукодиров
275.  1 200918719 459206460 998905891050 Alisher Abdullayev
276.  1 200918719 459235222 998937366646 Muhammadali
277.  1 200918719 460388191 998912857801 Позилов Хайтбой
278.  1 200918719 460468360 998911284236 .....Хайрулло.......
279.  1 200918719 460909156 998911212895 Turg'unaliyev Muhammad
280.  1 200918719 462057522 998936734263 ♔┆͜͡ʙ͟͞ ᴏ͟͞ ʙ͟͞ u ʀ͟͞┆♔
281.  1 200918719 464970822 998903609122 @@@$$$$$$$@@@
282.  1 200918719 466514699 998916525245 Omad
283.  1 200918719 466556650 998999911535 ♛🎩 INI STARK 🎩♛
284.  1 200918719 469388751 998909918197 Сайфиддин
285.  1 200918719 470714183 998916566457 Лейла
286.  1 200918719 471413455 998974264240 Diyorbek
287.  1 200918719 474666055 998945074036 ONLINE
288.  1 200918719 474695780 998903445254 Abror
289.  1 200918719 475813389 998911418394 💘💝💖💘
290.  1 200918719 476869225 998937338588 Акбаров С.И.
291.  1 200918719 477868253 998905648009 𝐿𝑎𝑧𝑖𝑧 𝑅𝑎𝑠𝑢𝑙𝑜𝑣
292.  1 200918719 478533031 998906329671 Sh.
293.  1 200918719 480160501 998905883837 Akramjon Xamiraqulov
294.  1 200918719 482709386 998944458444 Parpiyev Ma'rufjon
295.  1 200918719 483606356 998916699495 Солиев Р.Н
296.  1 200918719 485327459 998949024410 Avazbek Тухташев
297.  1 200918719 485942569 998913973405 Асилбек Олимов
298.  1 200918719 485943849 998903606512 Рахимжон
299.  1 200918719 487668204 998936488445 Донербек Сотволдыев
300.  1 200918719 487748542 998909426469 Элёр Мамуржонович
301.  1 200918719 487885318 998911190014 U.Nabiyev
302.  1 200918719 488035421 998911260430 Axadjon
303.  1 200918719 488358099 998975900281 Mahmudjon
304.  1 200918719 489861549 998904060796 **Jaloliddin**
305.  1 200918719 489885051 998905067580 Умрзаков. Толибжон
306.  1 200918719 490079382 998941733671 AZAMAT
307.  1 200918719 492912519 998949084942 Muhammad amin Yusupov
308.  1 200918719 494065768 998905870102 👑✴ Ё К У Б О В✴👑
309.  1 200918719 494270729 998916822924 Soliyev Xabib
310.  1 200918719 494629332 998993652629 Ulug'bek Maxsudaliyev
311.  1 200918719 494745680 998916754797 محمد موسى
312.  1 200918719 495842520 998912049132 Xayrullo Teshaboyev
313.  1 200918719 496755956 998916700386 Шокиров Хаетжон
314.  1 200918719 497088514 998973756563 Нурали Маматкулов
315.  1 200918719 498196426 998904055797 Аzizjon Оbidov
316.  1 200918719 498346038 998943619886 ХУСАНОВИЧ
317.  1 200918719 499064171 998916942513 Исломжон М
318.  1 200918719 501747271 998916672370 Равшан
319.  1 200918719 502743502 998993627878 axror bek
320.  1 200918719 503422206 998905842934 Rasuljon Maxmudovich
321.  1 200918719 506252946 998911518991 🖤محلسا🌸
322.  1 200918719 506900012 998936299121 Нодира Исманалиева
323.  1 200918719 507325388 998905863834 Mamurjon Rasulov
324.  1 200918719 510949893 998903033057 Muhiddinjon
325.  1 200918719 511879106 998912032747 Арсен
326.  1 200918719 512663139 998992080190 Равшан Саидов
327.  1 200918719 513131124 998916561632 @@@@@@@@
328.  1 200918719 514438398 998936740946 Mirzaliyev Davron
329.  1 200918719 514456420 998905886507 Dilmurod
330.  1 200918719 515709595 998911111986 Абдурашиджон Кодиров
331.  1 200918719 516287333 998913638710 Баходир
332.  1 200918719 516971445 998941352223 Дилёрбек
333.  1 200918719 517120444 998916622800 Нурмухаммаджон
334.  1 200918719 517196985 998916920588 Мухиддинжон ЖУРАЕВ
335.  1 200918719 517310232 998911405875 Адхамжон
336.  1 200918719 517504708 998937895812 Ziyodullo Xasanov
337.  1 200918719 518964201 998902777412 Abdulhaq
338.  1 200918719 519423270 998978115551 Озодахон
339.  1 200918719 519845079 998900506130 Shodmonx6jaev Maxsud
340.  1 200918719 523779330 998906303716 ISLOMJON
341.  1 200918719 525295035 998995628292 Islombek Usmonov
342.  1 200918719 526016306 998993213323 Muhtor Ergashev
343.  1 200918719 526852639 998941570227 Неизвестный
344.  1 200918719 527311220 998995171101 Islombek Rakhimov
345.  1 200918719 528000702 998916868868 ZIYODULLO
346.  1 200918719 529417574 998903619484 Qosimova Shaxnoza
347.  1 200918719 530684638 998903035224 Otabek
348.  1 200918719 533963956 998916975059 Аббосжон
349.  1 200918719 534225229 998949075895 Nuriddin
350.  1 200918719 534606822 998916564225 Нодирбек
351.  1 200918719 534647488 998996092867 Iqboljon Nabiyev
352.  1 200918719 535262683 998903097678 Зульфия Мамаюсупова
353.  1 200918719 536594687 998908401155 DAVLATIM- OTAM JANATIM-ONAM
354.  1 200918719 536915399 998934913533 Avazbek
355.  1 200918719 538947515 998911421617 @ sohibjon@98
356.  1 200918719 539119478 998902775371 Акмалдин Долимов
357.  1 200918719 539305796 998944447100 Shuhratxon Rahimxanov
358.  1 200918719 542886370 998905334556 Собиров Дилшоджон
359.  1 200918719 545183777 998905563502 TYECH
360.  1 200918719 545838135 998912840237 Имя нет
361.  1 200918719 546989553 998911464406 Muhtasarxon Bozorova
362.  1 200918719 547156098 998903085906 Holi
363.  1 200918719 548363163 998905566768 Shavkatjon Tuychebayev
364.  1 200918719 549688596 998912022224 Laziz
365.  1 200918719 550977820 998939713075 АСИЛБЕК
366.  1 200918719 551012146 998943039597 QurbonovAzamat
367.  1 200918719 551816641 998939436944 АСИЛБЕК поездчи
368.  1 200918719 551996801 998930531478 FARHOD
369.  1 200918719 552780514 998903439291 Сотволдиева Матлюбахон
370.  1 200918719 554391319 998945067107 Худойберганов Фахриддин.
371.  1 200918719 555847315 998908590212 🖤Рахимович🖤
372.  1 200918719 556137811 998912033355 Toxir Abdullayev
373.  1 200918719 557697730 998945065600 Muhiddin Davlatov B
374.  1 200918719 558504480 998911452511 🤴❤🤴
375.  1 200918719 559366594 998946686968 ....... ..
376.  1 200918719 560695861 998902920033 Government
377.  1 200918719 561639153 998999940545 Asqarov Sardorbek
378.  1 200918719 562335300 998978729003 Furqat Ergashev
379.  1 200918719 567952107 998911397070 Zubayda Ergasheva
380.  1 200918719 568995939 998911101546 42294
381.  1 200918719 569085747 998904079584 Дилоромхон
382.  1 200918719 569794236 998936452305 Ирушкин Виктор
383.  1 200918719 570096474 998939405055 Muxriddin Isordinov
384.  1 200918719 571164661 998903622104 Воситжон Абдуллаев
385.  1 200918719 572849720 998908392426 Улугбек Салиев
386.  1 200918719 574093217 998905655100 BEK $$$
387.  1 200918719 574240962 998905355085 007
388.  1 200918719 574432607 998934981880 Qodirjon
389.  1 200918719 574804249 998916977975 Abduqosim
390.  1 200918719 575988698 998940701375 @M300489MN
391.  1 200918719 576032703 998911126712 6712 6712
392.  1 200918719 576244523 998901509110 Imronbek _Iymonaxon
393.  1 200918719 577831745 998905075770 .
394.  1 200918719 578183926 998916761992 6761992
395.  1 200918719 578954385 998903073321 Хусанбоев Р . К
396.  1 200918719 579104943 998911551615 Baxromjon Axmedov
397.  1 200918719 580145919 998901312547 МТУТБ ҚЎҚОН АВАЗХОН ИСЛАМОВ
398.  1 200918719 581112670 998914762323 ✈ ЛЁТЧИК✈
399.  1 200918719 581450467 998916752005 S.X
400.  1 200918719 581837053 998944460910 Asian VOLK.
401.  1 200918719 582345325 998916962030 Husanbek Uzaqov
402.  1 200918719 582904004 998913425807 Алимардон
403.  1 200918719 583337208 998905644281 Сойибжон Сайдалиев
404.  1 200918719 586842574 998972124744 Najmiddinov Avazhon
405.  1 200918719 588710523 998913244241 Рустамжон
406.  1 200918719 588895136 998911188750 умиджон
407.  1 200918719 589223571 998905871608 ХАБИБИЛЛО
408.  1 200918719 590274678 998911074173 Абдурашид Юлдашев
409.  1 200918719 590961695 998911418238 Махмуджон
410.  1 200918719 591604435 998941566912 Хабибулло
411.  1 200918719 596394530 998905088862 Шавкат Шакиров
412.  1 200918719 596984604 998909359313 Фуркатбек Мухаммадов
413.  1 200918719 597845147 998911441245 М.&.З=М.&.З.&.Ю.
414.  1 200918719 598504644 998911530646 Hamidjon G'ulomov
415.  1 200918719 598965887 998933739496 Mirolimjon
416.  1 200918719 599688685 998999974347 Зиёд Мухторов
417.  1 200918719 600255653 998903069103 Serobjon
418.  1 200918719 603302998 998903058015 Дд
419.  1 200918719 604078180 998933721286 Акрам Абдусаматович
420.  1 200918719 606175845 998905701021 Икболжон
421.  1 200918719 608138002 998916500212 С Муйдинов
422.  1 200918719 609740993 998990972626 Fayzullo Ubaydillayevich
423.  1 200918719 611183888 998902778735 &&&&&&&&ㅤ ㅤㅤㅤㅤㅤㅤ ㅤㅤㅤ
424.  1 200918719 612070631 998916736967 Ubaydullo
425.  1 200918719 612820628 998911177595 Махмуджон Тожибоев
426.  1 200918719 613804938 998916723411 Бахтиёржон Азизов
427.  1 200918719 615741954 998905082643 Yorqinjon Abdualimov
428.  1 200918719 615830284 998945512700 Эргашев Рашиджон
429.  1 200918719 618624237 998909800507 Javohir Raximzoda
430.  1 200918719 618780431 998902937973 ❤️Ana ushmin bik dayiman❤️
431.  1 200918719 619460602 998905323594 Abdullayev Farhodjon
432.  1 200918719 621737726 998939750323 ᅠᅠᅠᅠ
433.  1 200918719 621835473 998995103921 Xusanov Sh
434.  1 200918719 622024916 998911510320 40770
435.  1 200918719 622995584 998909440897 Maxmudjon
436.  1 200918719 623520745 998911522220 Эргашев
437.  1 200918719 624638299 998949028344 Ергашев Мадиёр
438.  1 200918719 625753274 998937303781 Аброр
439.  1 200918719 626203951 998911394931 Jurabek Qodirov
440.  1 200918719 628403782 998972121291 M
441.  1 200918719 629919564 998944064841 ZILBOYEV
442.  1 200918719 631039507 998913977063 Inayatov Sherxan
443.  1 200918719 632131917 998943087771 Bexruz
444.  1 200918719 633024658 998931359993 мс элёр
445.  1 200918719 633124942 998907970905 Rustam
446.  1 200918719 635748919 998916587211 ТУХТАБОЕВ
447.  1 200918719 636446605 998905095940 Usmonxon
448.  1 200918719 638586537 998939423747 KOMILJON
449.  1 200918719 639522457 998911478797 𝑽𝒂𝒍𝒊𝒋𝒐𝒏_8797
450.  1 200918719 640115679 998911482801 Yorqinbek Ahmadjonov
451.  1 200918719 642586539 998909708886 Nilush🖤
452.  1 200918719 644702888 998941350564 хайдарали эргашев
453.  0 200918719 645180175 998916749460 Jamshidbek
454.  1 200918719 645683061 998951029772 Асрорбек Алижонов |
455.  1 200918719 647562985 998941792040 J A
456.  1 200918719 648832199 998996011717 A'zamxon
457.  1 200918719 649169081 998941356501 МАРЖОНА
458.  1 200918719 650785843 998916824556 Ботиржон
459.  1 200918719 650944907 998933942100 +998933942100
460.  1 200918719 651611528 998908525143 Doniyorjon
461.  1 200918719 654424784 998916507956 Эназаров Анваржон
462.  1 200918719 655647055 998905834256 Алхамдулилах 🕋🌛📿
463.  1 200918719 657309340 998905503450 Masha
464.  1 200918719 657313749 998906290092 Х.Р. Насриддинов
465.  1 200918719 657423668 998905073355 284
466.  1 200918719 658487526 998935668602 《《⚜🦁Raximov🦁⚜》》
467.  1 200918719 662964552 998902317745 ZＩＹＯＤＡＸＯＮ -✨﴿ֆ ❥
468.  1 200918719 663222539 998335300777 Ilyosxon Masabirov
469.  1 200918719 664437796 998904055595 Dilshodbek
470.  1 200918719 665592100 998916737398 Хикмат Камчиев
471.  1 200918719 666405515 998996027688 Abdusalom Toshpo'latov
472.  1 200918719 667909516 998939753663 Дониер Шакиров
473.  1 200918719 670467479 998934925992 ...
474.  1 200918719 671440491 998916822179 Tadjibaev A.S.
475.  1 200918719 673556313 998944437323 Sh.Sh Muminjonov
476.  1 200918719 674022721 998902149129 Бобур Мамадалиев
477.  1 200918719 674317612 998973375555 Javoxir Erkaboyev
478.  1 200918719 675290547 998911449420 Mirodil Akhmadkulov
479.  1 200918719 675753315 998934036705 Buzrukov Kamolxon
480.  1 200918719 676035392 998939473884 Давлатали Мирзоев
481.  1 200918719 677705659 998911072672 Sarvarchik
482.  1 200918719 678732447 998945500044 Хуршид Ибрагимов
483.  1 200918719 680441268 998993967012 Mansurjon Abdurasulov
484.  1 200918719 680704642 998944905468 atxam abdusamatov
485.  1 200918719 684240057 998903030205 Илёсжон
486.  1 200918719 685062393 998911140524 Салом
487.  1 200918719 686334785 998911418181 $$ S.T.M.$$
488.  1 200918719 686458470 998902309119 Гуломов Тулкин
489.  1 200918719 687939867 998916963040 Tilloca916963040
490.  1 200918719 691752260 998911114341 Tursunov
491.  1 200918719 692699134 998916613236 1234567890
492.  1 200918719 693188928 998905657994 Мадиёр
493.  1 200918719 694854041 998999702949 Amirshoh Imronshoh
494.  1 200918719 695262929 998912023799 SANOBARXON
495.  1 200918719 696079840 998944938330 K Sh
496.  1 200918719 696714369 998916990288 Аббосxon.
497.  1 200918719 698624119 998903047900 Абдулазиз Комилов
498.  1 200918719 699348508 998905633240 Рахматилло
499.  1 200918719 701549037 998900004898 @@@@@
500.  1 200918719 703125584 998941530220 BEK
501.  1 200918719 704432960 998916839955 Tursunov🖥💻🖨⌨🖱 Ergashali📷📽💿
502.  1 200918719 704660879 998902319323 М. М.
503.  1 200918719 708343928 998916819599 Ilhom
504.  1 200918719 708537134 998941578270 Ходжаев Сайдулло
505.  1 200918719 708576793 998905670529 Shavkatjon
506.  1 200918719 709969966 998916502419 Рахматилло
507.  1 200918719 710156970 998973760036 .
508.  1 200918719 711144248 998903093243 Murodjon
509.  1 200918719 713192877 998905641297 Bąxțįýøŕøvņą 🌹Ģ🌹
510.  1 200918719 715811031 998905638828 @Azamat_Aliyev
511.  1 200918719 716051474 998911404676 Адхамжон Аликулов
512.  1 200918719 717859646 998903611246 Наташа
513.  1 200918719 718600233 998905310643 Адхам
514.  1 200918719 723883184 998905082544 Уммул Мерож
515.  1 200918719 726956764 998978152868 Sаbirov A
516.  1 200918719 727378208 998901667430 Zamiraxon Raxmonova
517.  1 200918719 730001803 998903482848 A.Kahharoff
518.  1 200918719 730635678 998911524645 Azizxon
519.  1 200918719 730822123 998885531777 Усманович 117
520.  1 200918719 731558915 998903017709 Ollohga shukur
521.  1 200918719 732971690 998916660948 Хабибуллох
522.  1 200918719 733178611 998993087944 odinochniy volk
523.  1 200918719 733295405 998911654400 Д.Дониёривич
524.  1 200918719 733658018 998903432037 Нишонов Журабек
525.  1 200918719 734611146 998943954547 جخانكر
526.  1 200918719 735302558 998913268962 Gazieva M 🌺
527.  1 200918719 736352509 998972308030 Black Wolf
528.  1 200918719 736618807 998937311441 A A
529.  1 200918719 736887991 998911566017 Ilhomjon
530.  1 200918719 737221989 998903622637 Sherzodbek
531.  1 200918719 738933922 998916718141 Содикжон Усмонов
532.  1 200918719 740934775 998941570231 Акмал
533.  1 200918719 742777331 998936456262 Нематжон
534.  1 200918719 744173953 998916507007 7007
535.  1 200918719 746350179 998935637376 Shodiyev Islombek Odilovich
536.  1 200918719 748358167 998937333306 jahongir_98
537.  1 200918719 749179307 998934050032 ......
538.  1 200918719 749912024 998911458352 Moqqi
539.  1 200918719 752887723 998997030890 Давронбек
540.  1 200918719 753486219 998933886816 Pulat Nabiev
541.  1 200918719 753560660 998913265590 Абдувохид
542.  1 200918719 755669502 998936460102 ZIYOD ShoMuRaToV
543.  1 200918719 755698057 998911841887 Azamatjon
544.  1 200918719 755715008 998916519857 Муроджон Обидов
545.  1 200918719 755999388 998944451698 Hoshimjon
546.  1 200918719 756138195 998906338405 Zuhriddin Vahobov
547.  1 200918719 756679298 998916999912 Sh- - -
548.  1 200918719 758818395 998943070034 Sarvar
549.  1 200918719 760912727 998998950537 Mavlonbek
550.  1 200918719 763606124 998912022394 БАМ
551.  1 200918719 763816595 998903437715 Ма’руф
552.  1 200918719 764360199 998911409777 ㅤㅤㅤㅤㅤㅤㅤㅤㅤ
553.  1 200918719 764457848 998332371213 𝓃ℯ𝒿𝓃ℴ𝓈𝓉 🖤
554.  1 200918719 764681129 998999936912 Qambarov Z.D
555.  1 200918719 764681939 998902322767 عبدالله خلماطو
556.  1 200918719 765552081 998911540523 Sardor Erkinjonov
557.  1 200918719 767577009 998944414047 МЕХРИБОНИМ.
558.  1 200918719 769172133 998905826797 0000
559.  1 200918719 769763025 998905880478 T В
560.  1 200918719 771035303 998942777860 👑
561.  1 200918719 772594508 998934425500 Ta'minotchi
562.  1 200918719 775603672 998902742943 Абдукаххор Раджапов
563.  1 200918719 780009837 998913240621 Love❤
564.  1 200918719 780546921 998913581766 Ttt
565.  1 200918719 781877947 998916736091 Baxrom
566.  1 200918719 784498437 998903467733 Асрорхон Арсланов
567.  1 200918719 785680502 998911376611 .
568.  1 200918719 785851090 998999070841 Мухдн
569.  1 200918719 791569826 998905606166 ОДИЛЖОН ТУРДИБОЙЕВ
570.  1 200918719 792873453 998905851875 Maxmitjon Enazarov
571.  1 200918719 793374617 998905656913 Шовкатжон Комилов
572.  1 200918719 794646818 998905672135 Otabek
573.  1 200918719 797926804 998993954291 bunyod_2828
574.  1 200918719 798178175 998911515586 M Y
575.  1 200918719 800282259 998944470909 φ α γ ο z
576.  1 200918719 801187452 998903619750 مُمِنْ مِرظَْ كَرِيمَوْ
577.  1 200918719 802636644 998944065556 Шухрат Мамитов
578.  1 200918719 802858585 998905604392 @*****@
579.  1 200918719 805754182 998908546762 M Rahimov
580.  1 200918719 807577017 998913277228 МУЧАЛИ ОТ
581.  1 200918719 812530828 998943062004 Ulug'bek
582.  1 200918719 813405384 998905090915 Халимжон
583.  1 200918719 814952621 998911535142 Жанетта Агабекян
584.  1 200918719 816635582 998916823458 ..............................................
585.  1 200918719 817898477 998979406762 M Rahimov
586.  1 200918719 818882102 998905099080 Alixon
587.  1 200918719 820127130 998911144778 Azizbek
588.  1 200918719 820634933 998993694262 Qilichbek Yunusov
589.  1 200918719 821698799 998985586406 Abbosxon Boynazarov
590.  1 200918719 832369432 998944223003 Mr DANIEL
591.  1 200918719 832598398 998943981969 Nazokatxon
592.  1 200918719 832663762 998999966767 Nematjon Miraxmedov
593.  1 200918719 834279347 998941734363 Muzaffar
594.  1 200918719 835263104 998911449108 С С С
595.  1 200918719 837497410 998911501222 Sardor
596.  1 200918719 837764645 998903901933 AБДУЖАББОР .
597.  1 200918719 837795571 998903053138 Muhammadrajab
598.  1 200918719 837883719 998906307057 Рахматжон Кодиров
599.  1 200918719 837946042 998912030239 ━━━━━━━ ⸙ ━━━━━━━ ◈웃❤유Xurshidjon웃❤유_____________❂_____________♥
600.  1 200918719 837953605 998913249110 Anvarjon Nazarov
601.  1 200918719 838919093 998900553366 الله أكبر
602.  1 200918719 839735743 998903620347 Кузиеов Рузмаджон 83189
603.  1 200918719 843739840 998999148820 000888
604.  1 200918719 844110564 998902928558 Абдувосид
605.  1 200918719 844348311 998993923583 Eldor Yusupov
606.  1 200918719 844774504 998999709567 Х.Р. Қодиржонов
607.  1 200918719 845893494 998973370232 Saydullo
608.  1 200918719 846267536 998916940789 Абдусаминжон Аскаров
609.  1 200918719 847890834 998943946090 Ахрор Ахмаджонович.
610.  1 200918719 848976087 998906328473 USVALIXON SOBIROV
611.  1 200918719 850461687 998915965214 Jaloldin aka iw
612.  1 200918719 850923544 998995130778 Dilorom
613.  1 200918719 850972948 998916918192 Маруфжон Тухтакулов
614.  1 200918719 851109439 998972311638 🌼
615.  1 200918719 854549989 998973353320 Shermatjon Kimsanov
616.  1 200918719 857404106 998990050646 Ulug'bek
617.  1 200918719 860252941 998990304511 Ꮇirzᴀᴀxʍᴇdᴏv_Ꭺ
618.  1 200918719 860555832 998916935000 Махмуд《مَـخمُد مُحَمَّد》
619.  1 200918719 867846657 998916602844 Manzurahan hoji
620.  1 200918719 869510012 998902924740 .
621.  1 200918719 869560279 998900550507 𝓓.𝓐.𝓐𝓴𝓶𝓪𝓵𝓸𝓿𝓲𝓬𝓱
622.  1 200918719 869990110 998916852939 Абдумутолиб
623.  1 200918719 870965297 998972320434 Ixvoliddin Abdumutalibov
624.  1 200918719 873498042 998945579997 ﺃﺣﺒﻚ ﺃﻣﻲ
625.  1 200918719 874735838 998990046046 Abdulazizov
626.  1 200918719 875856007 998903079586 Манзура Кузиева
627.  1 200918719 877521844 998905562553 SODIQOV.S.S
628.  1 200918719 878086753 998916881985 👸
629.  1 200918719 878776483 998905403240 Ziyodullo Xasanov
630.  1 200918719 879696950 998907774241 Odilov
631.  1 200918719 881237801 998934979997 Ayyomjon
632.  1 200918719 881478920 998903629160 070
633.  1 200918719 881881688 998973724045 T.Muhriddin
634.  1 200918719 882531077 998911457033 ,,,,,,,,,, ,,,,,,,,,
635.  1 200918719 884336019 998901612128 @₩8
636.  1 200918719 884743542 998916890780 .
637.  1 200918719 887660197 998909795768 Islombek Mirsaidov
638.  1 200918719 887946958 998905353928 77777
639.  1 200918719 888172863 998990129721 ЖУРАБЕК
640.  1 200918719 888910781 998916696070 Т И
641.  1 200918719 889162263 998998108857 Ahror Nabijonov
642.  1 200918719 890731852 998905070012 Илёсхон Обиталиевич
643.  1 200918719 890849924 998905082444 otabek
644.  1 200918719 891936545 998941517069 Akramxon
645.  1 200918719 892034822 998999210727 🗽King_₩eez¥🗽
646.  1 200918719 892061077 998905565502 Мухаммадкодиржон
647.  1 200918719 892104895 998906288383 Sultonov F
648.  1 200918719 893594188 998975033830 Санжарбек
649.  1 200918719 893844480 998993913131 Faxriddin
650.  1 200918719 895933827 998905560784 Алхамдулиллах
651.  1 200918719 898864278 998993955737 ADHAM
652.  1 200918719 899690352 998911083760 😇A'zamjonova😇
653.  1 200918719 900211848 998979449975 Хусанхон ***
654.  1 200918719 900844468 998911217925 Farhodjon
655.  1 200918719 901814946 998902022098 𝗡𝗲𝗿𝗚𝗶𝘀 𝗧𝘂𝗿𝘀𝘂𝗻𝗼𝘃𝗮
656.  1 200918719 902859250 998911506997 .
657.  1 200918719 903849031 998990275059 12345
658.  1 200918719 904076235 998916678283 1223
659.  1 200918719 904773702 998903000181 حَمِدُلّاه
660.  1 200918719 905617463 998975923949 ILHOMJON QANBARJONVICH ABDUMALIKOV
661.  1 200918719 909155096 998993969455 Мухитдин Ахмедов
662.  1 200918719 909726937 998999068058 Кобил Ака
663.  1 200918719 912507998 998912020580 Humoyun
664.  1 200918719 916107683 998901794194 Xolmuhammad Abdullayev
665.  1 200918719 917048462 998999191090 Авазбек Нуриддинович
666.  1 200918719 917613310 998912028318 Abduqodir Xamdamo V
667.  1 200918719 918053661 998937787577 ocean -
668.  1 200918719 919952415 998909082604 Bekzod
669.  1 200918719 921037854 998905617761 Al basir ☝️
670.  1 200918719 922924219 998903653858 Гофуржонов Шовкатжон
671.  1 200918719 923235381 998906310672 ..
672.  1 200918719 923620138 998916911015 Рузимухаммад Собиров
673.  1 200918719 924388246 998936686887 Doston
674.  1 200918719 925058290 998999998665 Уткир
675.  1 200918719 931519711 998934057071 ЖОХОНГИР ЮНУСОВ
676.  1 200918719 932622761 998916799891 илхом
677.  1 200918719 933660410 998911579680 Dilorom Xolboyeva
678.  1 200918719 933774388 998931648181 ALMANBETOV DONIYOR ABDUQAYUMOVICH
679.  1 200918719 934162125 998916629799 Мухиддин Эрназаров
680.  1 200918719 934813176 998943070923 Rahmonali
681.  1 200918719 936039587 998903053727 Ziyodaxon Axadovna
682.  1 200918719 936270749 998996173470 Ойбек
683.  1 200918719 938129190 998998176194 Abror
684.  1 200918719 939537447 998906314739 Реал
685.  1 200918719 941290535 998911218777 Komilova
686.  1 200918719 941401715 998945521533 ДНЧ-9 Каримов Х.
687.  1 200918719 945014916 998905091948 Онажон
688.  1 200918719 946681279 998905705502 Mirzohidjon
689.  1 200918719 948506004 998903078188 Умид
690.  1 200918719 953695168 998916890640 Gulixon0640
691.  1 200918719 953974092 998906298567 🌙
692.  1 200918719 957654386 998906341923 Ахаджон
693.  1 200918719 958606414 998903651007 Alisher Alimovich
694.  1 200918719 961539359 998993460077 Xurshid Xayodovich
695.  1 200918719 962315464 998977030492 Fahriddin
696.  1 200918719 964353628 998905301996 Yo'ldashev
697.  1 200918719 965585577 998331570101 MUZAFFAR PARPIYEV
698.  1 200918719 965785424 998930405399 [꯭꯭⃟🏴‍☠️꯭꯭⃟]❍꯭꯭ࣰࣰࣰࣰࣰࣰࣰࣰࣰࣰࣰࣰࣰࣰࣰࣰࣰࣰࣰࣰࣰࣰࣰࣰ⚜️꯭🥀꯭𝑜'𝑐꯭ℎ꯭𝑖𝑟𝑖꯭𝑙𝑔𝑎꯭𝑛꯭💔꯭ℎi
699.  1 200918719 966196419 998931650600 L.M 10
700.  1 200918719 971723595 998906286158 SHAHZOD
701.  1 200918719 975962048 998901502313 Muhammadrasul
702.  1 200918719 978502694 998906303933 Фарходжон Хатамов
703.  1 200918719 979088355 998912827897 Гули
704.  1 200918719 979143409 998936762474 Husanboy Sheraliyev
705.  1 200918719 980281021 998975950665 йуьюлдашбой
706.  0 200918719 980296404 998905356496 NODIRBEK IBRAGIMOV
707.  1 200918719 982618013 998912057896 ISAQOV G'ANISHER
708.  1 200918719 983048707 998990226812 Usmonov
709.  1 200918719 989702731 998935416762 B_Erkinov
710.  1 200918719 991442122 998905670661 O'lmasjon Kamolov
711.  1 200918719 992878479 998998516995 Akmaljon Ismonov
712.  1 200918719 993951613 998941708009 Bahromjon Davlataliyev
713.  1 200918719 996208889 998999700631 Eldor
714.  1 200918719 996966896 998997224980 💯Muhammadyusuf😍 ...
715.  1 200918719 998223689 998905609168 Абулхамид Тешабоеб
716.  1 200918719 999396176 998936750662 NET NET
717.  0 200918719 1004698918 998905672593 𝓠𝓸𝓼𝓲𝓶𝓸𝓿
718.  1 200918719 1005366308 998991090250 Адхамжон
719.  1 200918719 1005762559 998944994145 Islom
720.  1 200918719 1005857292 998945567556 Muhammadsodiq
721.  1 200918719 1006127297 998911397974 اَتَبِك
722.  1 200918719 1006824819 998905607238 МАХАММАДЖОН
723.  1 200918719 1009683697 998999942455 Adhamjon
724.  1 200918719 1011244914 998939414398 Жавохир Рузиматов
725.  1 200918719 1014904077 998944440066 ͜͡Мавлон.
726.  1 200918719 1015925860 998949459510 Xabibullo Mahmudov
727.  1 200918719 1015986824 998905508800 ...$$$... АГМ
728.  1 200918719 1017710919 998905608602 te.amo🍃
729.  1 200918719 1018027051 998916789010 Мирзохиджон Нишонов
730.  1 200918719 1022662935 998936467476 Abror Nazirov
731.  1 200918719 1024230440 998905700699 Mahmudjon
732.  1 200918719 1025020733 998993025533 Muxsinjon
733.  1 200918719 1026765989 998934054384 Мардон
734.  1 200918719 1027245378 998908354435 Xoshimov Alisher
735.  1 200918719 1029871886 998903056370 Х
736.  1 200918719 1030700463 998971002358 Jasurchik
737.  1 200918719 1031402344 998916516975 Sharobidin
738.  1 200918719 1031498035 998944998204 SHOKIRJON Mamurov
739.  1 200918719 1034468009 998902922121 Салим Сабирдинов
740.  1 200918719 1034509334 998944251100 JONIBEK 12345
741.  1 200918719 1034981461 998972570581 Numoʻnjon Obidov
742.  1 200918719 1035349062 998950715035 Sabr
743.  1 200918719 1038193835 998990377481 Abdurahim
744.  1 200918719 1038573171 998972090229 B.Yunusov 🕊
745.  1 200918719 1038587512 998905821731 Tojaliyev Nodirbek
746.  1 200918719 1041077552 998907811617 SHOH Shox
747.  1 200918719 1045220120 998901517878 👑
748.  1 200918719 1048335063 998916781995 Азизбек
749.  1 200918719 1051722550 998949258777 Mansur
750.  1 200918719 1055327893 998916514211 Sherzod
751.  1 200918719 1057461976 998990271176 Karimjon
752.  1 200918719 1062602534 998912025332 Rizoxon
753.  1 200918719 1063383111 998906270098 Muratova Dilfuzaxon
754.  1 200918719 1064455705 998913975075 Алишер
755.  1 200918719 1064542678 998913614166 Shokirjonov. N. N
756.  1 200918719 1068872874 998912009856 $$$
757.  1 200918719 1069333969 998936440699 A‘zamjon Sh
758.  1 200918719 1070038121 998939853929 🇺🇿🇺🇿🇹🇷🇹🇷🇦🇿🇦🇿
759.  1 200918719 1070586974 998912025614 Omadli Jentlmen
760.  1 200918719 1072816585 998944493858 Хайдаралиев Самандар
761.  1 200918719 1073188737 998903088587 Я Я
762.  1 200918719 1073571872 998993268595 Иброхим жураев
763.  1 200918719 1079549269 998942752124 Dostonjon Abdullayev
764.  1 200918719 1080985774 998905832250 Хакимов Бахром
765.  1 200918719 1081243579 998990396471 Таджибайев Хусанбой
766.  1 200918719 1082664032 998946507009 Abduvaqqos Abdurasulov
767.  0 200918719 1084239894 998908515252 ╠●►ҖҨҖҨӇ◄●╣ ทล ﻯลצte
768.  1 200918719 1086294269 998944431342 19881004
769.  1 200918719 1088503252 998931762728 🗽🗽🗽🗽🗽
770.  1 200918719 1089105626 998904053016 Кимёхон
771.  1 200918719 1089143190 998993683416 ⦇꯭꯭🇺🇿꯭꯭⦈꯭꯭𝕽꯭ࠫࠫ𝖆꯭ࠫࠫ𝖝꯭꯭ࠫࠫ𝖒꯭ࠫࠫ𝖆꯭ࠫࠫ𝖙꯭ࠫࠫ𝖎꯭ࠫࠫ𝖑꯭ࠫࠫ𝖑꯭ࠫࠫ𝖔꯭ࠫࠫ____2001꯭꯭࿆
772.  1 200918719 1094898024 998972084747 Karimov_4747
773.  1 200918719 1095033316 998905502003 SHER
774.  1 200918719 1096934262 998906224707 ёкубжон
775.  1 200918719 1097404455 998979448778 M.B.Yu
776.  1 200918719 1099268484 998903033979 АБДУВАХХОБ
777.  1 200918719 1099940681 998902306296 FARĞONA
778.  1 200918719 1101697519 998906317833 .
779.  1 200918719 1103866873 998990119645 Шохрух
780.  1 200918719 1104465042 998934087767 Бек
781.  1 200918719 1105728655 998916751913 B Y
782.  1 200918719 1108538196 998945515911 Еркин
783.  1 200918719 1113700177 998935754696 ™¶M.S∆L∆H¢√√√
784.  1 200918719 1114855768 998901651457 Abdulloxon
785.  1 200918719 1120200444 998911104443 HUMOYUN
786.  1 200918719 1120715115 998916843095 Одинахон
787.  1 200918719 1127800725 998916552027 АХУНОВ РАСУЛЖОН
788.  1 200918719 1129163920 998907501510 Munira Tursunova
789.  1 200918719 1130396752 998930574557 ❤️❤️Мухаммаджон❤️Ясмина❤️❤️
790.  1 200918719 1131133162 998941307470 Bobur
791.  1 200918719 1134023316 998996311315 𝐁𝐞𝐊⛩
792.  1 200918719 1136739974 998916786901 Hayot Hali Oldinda
793.  1 200918719 1139211657 998916967673 Azizjon
794.  1 200918719 1149133974 998998915759 Kaktuss
795.  1 200918719 1149609062 998942790470 Ilyos Qurbonov
796.  1 200918719 1150674026 998904062870 🇺🇿❇️✳️FERUZ✳️❇️🇺🇿 $$$$$$$$$$$$$$$$$$$$$$$$$$$$$$$$
797.  1 200918719 1150942604 998902111697 XUSN1DD1N OʻKTAMOVICH
798.  1 200918719 1160193833 998905987409 Madina Gullola
799.  1 200918719 1160852179 998905648884 Murodjon
800.  1 200918719 1161704413 998975030929 Каримова_М_М
801.  1 200918719 1162853989 998906304084 Асомиддин Тохиров
802.  1 200918719 1164570366 998905561583 Аьлохон нилуфархон умиджон оллох берганларимсиз
803.  1 200918719 1164600965 998916078191 Alhamdulillah
804.  1 200918719 1167797578 998908561411 .....
805.  1 200918719 1169049721 998934997018 Мухаббат
806.  1 200918719 1179177439 998943087564 Hосиров Юнусхон
807.  1 200918719 1179423326 998911206261 ლ (ﷺ) Alhαmdυlιllαh ̲﷽
808.  1 200918719 1181730450 998985583600 YDK
809.  1 200918719 1185228466 998930003778 Абдурахим Муллобобоев
810.  1 200918719 1192149875 998934993891 Бахтияр Тургунов
811.  1 200918719 1193259218 998941527175 ⁵⁷¹Kamolxon⁵⁷¹
812.  1 200918719 1200176949 998999068229 NODIRBEK
813.  1 200918719 1200587775 998909727370 Муслимбек Аминжонов
814.  1 200918719 1206698311 998972124626 Jasur Turopov
815.  1 200918719 1208516235 998909009808 Асрор Алиджанов
816.  1 200918719 1208629633 998998184838 Rustamovich
817.  1 200918719 1208965668 998934019191 ∆∆∆
818.  1 200918719 1216332307 998911425994 🕊🕊HUSNIYEM🕊🕊
819.  1 200918719 1216853448 998998096077 ИЛХОМЖОН
820.  1 200918719 1216895065 998976633636 Шухратжон М.М.
821.  1 200918719 1220037806 998939811020 zloy
822.  1 200918719 1226353282 998930565305 ⓂⓊⓈⒽⒶⓇⓇⒶⒻ
823.  1 200918719 1228450509 998997837525 Xumoyunmirzo
824.  1 200918719 1231415335 998943080833 H Z
825.  1 200918719 1236705238 998916552100 -
826.  1 200918719 1243062130 998941360950 Doniyorjon Jurayev
827.  1 200918719 1244383887 998901506699 Мага
828.  1 200918719 1246901085 998907877999 Хожиакбар
829.  1 200918719 1248245397 998916691712 Sherzod Bahromov
830.  1 200918719 1249970456 998997999124 Хайрулло
831.  1 200918719 1250780397 998889577576 i
832.  1 200918719 1253537267 998997206760 Azizbek Abdulkhamidov
833.  1 200918719 1255095243 998912820132 Bunyod Yusupov
834.  1 200918719 1255379810 998939743401 🥀 🦁 𝓐𝓵𝓱𝓪𝓶𝓭𝓾𝓵𝓲𝓵𝓵𝓪𝓱...🖤🖤🖤- الْحَمْدُ للّهِ‎ 🌙 ﷽ ོ
835.  1 200918719 1257446273 998916884029 Mamatqulov Qudratali
836.  1 200918719 1261306453 998941700569 Shukurjon
837.  1 200918719 1265999370 998997959630 s_a_n_j_a_r_x_o'_j_a
838.  1 200918719 1271764326 998943071590 Фахриддинхон
839.  1 200918719 1273327927 998978114912 Нурилло
840.  1 200918719 1273481862 998911280076 Акрамжон
841.  1 200918719 1278314556 998902328616 ........
842.  1 200918719 1289193254 998995195696 ◔͜͡◔ Maxsud aka ◔͜͡◔
843.  1 200918719 1291682312 998913260492 Abdurasulov Shohruh
844.  1 200918719 1293005555 998972597472 Dilfuza Abdurahimova
845.  1 200918719 1293367314 998905891105 ♥️ ♥️
846.  1 200918719 1293819733 998944957000 Анвар Джураев
847.  1 200918719 1294928052 998905508022 Stansiya Rapkan
848.  1 200918719 1295697231 998978190102 Rahmatillo Abdusattorov
849.  1 200918719 1300028173 998903617671 Ⓣⓤⓡⓢⓤⓝⓞⓥ
850.  1 200918719 1302792984 998903626121 Лазиз Расулов
851.  1 200918719 1303596361 998933728070 𝒜𝓁𝒽𝒶𝓂𝒹𝓊𝓁𝒾𝓁𝓁𝒶𝒽
852.  1 200918719 1307572500 998997270028 qwerty
853.  1 200918719 1309508924 998991403612 ❤️
854.  1 200918719 1312446971 998990198181 Ilyos Xamdamov ️
855.  1 200918719 1313584241 998975557651 .
856.  1 200918719 1313923822 998911118500 محمد
857.  1 200918719 1317414831 998998815572 HM
858.  1 200918719 1319618729 998975012820 Исломхон
859.  1 200918719 1321027969 998999158264 سلطانوفا
860.  1 200918719 1321520410 998936054392 Abdusattor Abdullayev
861.  1 200918719 1323710900 998944415099 Бобуржон Ҳакимов
862.  1 200918719 1323831648 998972541910 ISLOM Mamasiddiqov
863.  1 200918719 1324204892 998911124939 ️️️
864.  1 200918719 1325501213 998903094303 Madina
865.  1 200918719 1326682467 998905884551 ALIYEV
866.  1 200918719 1327133035 998996056112 777
867.  1 200918719 1329765940 998911415950 Abror Madiyarov
868.  1 200918719 1333244352 998999233015 U R.R.
869.  1 200918719 1333668503 998997669612 Билол Обидов
870.  1 200918719 1335170721 998998133474 John Constantine
871.  1 200918719 1338132482 998945519997 Арипова шахлохон
872.  1 200918719 1338560670 998975704707 Ayubxon Xusanov
873.  1 200918719 1340233908 998996412799 Jalalov J
874.  1 200918719 1341747862 998905667217 Самаджон
875.  1 200918719 1343102908 998998174318 ​᥊ꪊ𝘴​ꪀ𝓲​ᦔ​ᦔ𝓲​ꪀ
876.  1 200918719 1343880569 998978842424 🖤JONIBEK🖤
877.  1 200918719 1344368380 998908355190 Ziyoviddinovna
878.  1 200918719 1347292646 998975014141 Кабиров. А
879.  1 200918719 1347872458 998913969424 SARDORBEK
880.  1 200918719 1348297363 998993965064 Станция Какир 742207
881.  1 200918719 1349007308 998916763756 Тохир Абдурахмонов
882.  1 200918719 1351087965 998993220455 Ozingdan ozgaga muxtoj qilma ALLOHIM
883.  1 200918719 1351448911 998995125158 YUSUPOVA
884.  1 200918719 1354746250 998905070879 Алхамдулиллох
885.  1 200918719 1355583170 998902313973 .
886.  1 200918719 1359858905 998994610695 😎😎😎
887.  1 200918719 1361165399 998911247240 Abdullayev Gulamjon
888.  1 200918719 1363365765 998905364692 𝓪𝓵𝓵𝓸𝓱 õ𝔃𝓲 𝓼𝓪𝓫𝓻 𝓫𝓮𝓻𝓪𝓭𝓲.
889.  1 200918719 1363719607 998996902001 ✋🏻
890.  1 200918719 1364681237 998946091992 Doniyor
891.  1 200918719 1364738721 998900552809 💕💕💕Alhamdulillah💕💕💕
892.  1 200918719 1365604524 998931733163 (❁‿❁)₵Ø₦ł₭(❁‿❁)
893.  1 200918719 1369283860 998936731171 Hotamjon Haydarov
894.  1 200918719 1369346493 998937057070 Мага
895.  1 200918719 1370009409 998941788331 Muniraxon
896.  1 200918719 1370409877 998916637705 Оллох Ягонадур
897.  1 200918719 1371894583 998916730295 Наргиз
898.  1 200918719 1375365367 998993044397 Abdurasulov
899.  1 200918719 1378314080 998903621404 Гайратжон Алиев
900.  1 200918719 1379358497 998997959712 Sherzod Nabijonov
901.  1 200918719 1380525119 998972627612 Ольга Мазитова
902.  1 200918719 1385700330 998905371889 SAYYORA XON & SOLIHA BONU
903.  1 200918719 1389321734 998970105747 .........
904.  1 200918719 1390707025 998916576862 Шохобиддин Холматов
905.  1 200918719 1395059282 998905602000 Islomxon
906.  1 200918719 1396912073 998994901410 Iroda💙
907.  1 200918719 1397643134 998935325070 . .
908.  1 200918719 1399306851 998944006968 Husniddin Abdulhafizov
909.  1 200918719 1400563458 998993631219 Ilyosbek Salimjonov
910.  1 200918719 1401402924 998905310725 Уринбоеов Назиржон
911.  1 200918719 1404188574 998998845452 Аброр Абдурахмонов
912.  1 200918719 1404909299 998944486362 sanjarbek
913.  1 200918719 1406837210 998334062000 @@@@@@
914.  1 200918719 1408703449 998939127607 Нумонжон Халиибоев
915.  1 200918719 1408801287 998945570747 Vohidjon Vahobovich
916.  1 200918719 1411169528 998937751001 Шухратбек Мамуров
917.  1 200918719 1412482431 998943963536 Gulyamov
918.  1 200918719 1413861989 998911242268 1234567
919.  1 200918719 1414342917 998941779096 Ollohga shukr.
920.  1 200918719 1415906519 998991002118 Ulugbek
921.  1 200918719 1416097405 998903082510 Нодиржон Каюмов
922.  1 200918719 1416452235 998936179343 Umid Safarov
923.  1 200918719 1417113771 998996994110 최 Mira
924.  1 200918719 1418898153 998999239295 Bek77777
925.  1 200918719 1421011662 998945042152 Хамидулло Тургунов
926.  1 200918719 1426139106 998995183299 🤣😏😔💔
927.  1 200918719 1428767868 998916986968 Mamadaliyev A.A
928.  1 200918719 1429192452 998900407441 7441
929.  1 200918719 1429691301 998906904696 Otabek Nuriddinov
930.  1 200918719 1431609269 998916976250 Abdullayev
931.  1 200918719 1434799604 998903027038 Хошимов Рахимжон
932.  1 200918719 1447476503 998916928629 Muhammadjonova
933.  1 200918719 1448466781 998911833103 Абдуллох
934.  1 200918719 1450458279 998908507049 777
935.  1 200918719 1451912101 998905073830 Хаётжон Парпиев
936.  1 200918719 1453173215 998916671925 Akramjon
937.  1 200918719 1457289971 998905064831 M
938.  1 200918719 1461367889 998971790077 А
939.  1 200918719 1465756189 998901633935 MAQSADBEK
940.  1 200918719 1466455322 998939440492 Ulug'bek Yaxyobek Mohlaroyim
941.  1 200918719 1466988601 998907858921 Karimova Rabohon
942.  1 200918719 1468585121 998916570371 Abdulxaq Boqiyev.
943.  1 200918719 1469099553 998913233563 Хомро Рохатов
944.  1 200918719 1470876240 998945560351 Ohun
945.  1 200918719 1471093628 998338890770 Sardor Ibragimov
946.  1 200918719 1474129992 998946670573 Abdurahim
947.  1 200918719 1474484279 998990992279 A.D.Shuxratovich
948.  1 200918719 1476818903 998905569437 Ismoilova Ra'noxon
949.  1 200918719 1477282182 998996961453 { O'gʻlim mening bor boyligim }
950.  1 200918719 1478071960 998333617671 🇹 🇺 🇷 🇸 🇺 🇳 🇴 🇻 🇦
951.  1 200918719 1478192093 998941706346 Oʻzbekiston Temir Yoʻllari
952.  1 200918719 1479775207 998911850685 Erkinjon
953.  1 200918719 1484656947 998333210131 Husniddin Qurbonov
954.  1 200918719 1485247857 998991381644 Илхом
955.  1 200918719 1487415693 998979577478 ﴿ֆ
956.  1 200918719 1490922655 998999968933 Botirjon
957.  1 200918719 1491636871 998932586888 faxriddin
958.  1 200918719 1493947848 998916989233 Muxiddin Xolmatov
959.  1 200918719 1496708715 998994770092 0707 0707
960.  1 200918719 1497023670 998916972075 ҚАХРАМОН
961.  1 200918719 1501097918 998912858908 Мирзарахматов Дониёр
962.  1 200918719 1508164515 998945078300 SBB
963.  1 200918719 1510513786 998901505514 Jamoldinova Irodaxon
964.  1 200918719 1515698226 998991421986 В СЕТИ
965.  1 200918719 1517322326 998905080021 114.571
966.  1 200918719 1523793434 998916503483 Jamshidbek Qayumov
967.  1 200918719 1531084680 998911437117 Asiya
968.  1 200918719 1534027778 998902925380 Vohidjon Xayitboyev
969.  1 200918719 1535177043 998916908718 Аббос Каримов
970.  1 200918719 1537800096 998993951209 Yashnarbek
971.  1 200918719 1540372410 998933723118 ✠꯭꯭꯭꯭꯭꯭꯭꯭꯭꯭꯭𝐎꯭𑫰꯭𝐊꯭꯭꯭𑫰꯭𝐄꯭꯭꯭꯭꯭꯭꯭꯭𑫰꯭𝐍꯭꯭ ꯭꯭꯫꯭🇻🇮꯭꯭꯫꯭꯭ ꯭꯭꯭𝐁꯭𑫰꯭𝐎꯭꯭𑫰꯭𝐘꯭꯭
972.  1 200918719 1542296227 998977500881 Sanjarbek
973.  1 200918719 1550561558 998995306630 Jahongir Kamolov
974.  1 200918719 1551816797 998975015424 Abdusattor Kenjayev
975.  1 200918719 1561136012 998941752168 Odiljon Toshmatov
976.  1 200918719 1562779530 998906280202 Usm
977.  1 200918719 1570129032 998997625656 Jahongir
978.  1 200918719 1573862906 998942763226 Улугбек
979.  1 200918719 1587741892 998941008959 ➣꯭꯭🐼꙲꙰꙲꯭꯭ 𝐐𝐔𝐃𝐑𝐀𝐓𝐁𝐄𝐊 🐊꙰꙲꯭➣
980.  1 200918719 1587973561 998946382524 Xechkm
981.  1 200918719 1590199784 998943941073 Mухсинжон Машакиров
982.  1 200918719 1595994293 998944456446 𝓛𝓸𝓬𝓱𝓲𝓷𝓫𝓮𝓴 ​ 𝓣𝓾𝓻𝓼𝓾𝓷𝓸𝓿
983.  1 200918719 1601200403 998901510468 Маруфхужа Тошхужаев
984.  1 200918719 1604951510 998975955257 Zomondosh.%@&&&&👊👊👊👈 Muhammadrasul
985.  1 200918719 1616078148 998944481342 Jaxongir
986.  1 200918719 1617711705 998907831192 Мухаммаджон
987.  1 200918719 1622342188 998942708988 ヅℬ€кᬁ
988.  1 200918719 1626291422 998930421424 Сергей Курчиков
989.  1 200918719 1628710486 998949276094 Alijon Abduvaliyev
990.  1 200918719 1633453732 998936767534 Samijon
991.  1 200918719 1645840448 998990110268 Рустамали Абдуллаев
992.  1 200918719 1647767023 998903660430 Javohir 🕴
993.  1 200918719 1648165654 998902904240 Faxriddin
994.  1 200918719 1652514953 998911461369 Гулчехрахон
995.  1 200918719 1652981732 998999776815 Havasxon
996.  1 200918719 1653259212 998906301869 Nosirllo
997.  1 200918719 1658698969 998906900496 Samijon
998.  1 200918719 1663063161 998943952607 Ровшанхон Азимов
999.  1 200918719 1664391899 998993936912 Хабибулло Тургунов
1000.  1 200918719 1666150602 998905893515 Asqarjon
1001.  1 200918719 1666415452 998995358952 Коканд РЖУ Тех отдел
1002.  1 200918719 1669023090 998908511313 الحمد لله رب العالمين Arabskiy
1003.  1 200918719 1671329780 998901550111 sattorov
1004.  1 200918719 1673301585 998911420928 Мадраимжон Расулов
1005.  1 200918719 1683205229 998999184032 ....
1006.  1 200918719 1688493108 998903444678 AXADJON
1007.  1 200918719 1691650262 998998983920 11111
1008.  1 200918719 1693685980 998905603375 Хабиба Юнусова
1009.  1 200918719 1694623998 998943977477 ,
1010.  1 200918719 1697281759 998913247687 Rahmonali Yuldashev
1011.  1 200918719 1697343778 998905091101 👑
1012.  1 200918719 1706909585 998916563263 111
1013.  1 200918719 1711480330 998911073701 NODIRBEK
1014.  1 200918719 1712247919 998990270055 Амирхон
1015.  1 200918719 1719826161 998908537348 Malika
1016.  1 200918719 1723266421 998999049498 БИГГ БОСС
1017.  1 200918719 1725386423 998905855434 Mehrimohim bintu Isroiljon
1018.  1 200918719 1725793563 998337301343 Кодиров Элёр
1019.  1 200918719 1727333859 998930446626 ✨꯭❄꯭Шахноза
1020.  1 200918719 1728456653 998911485454 Sheikh Arabskiy الحمد لله رب العالمين
1021.  1 200918719 1729406235 998995150933 Axrorbek
1022.  1 200918719 1731341983 998946924260 Asilbek
1023.  1 200918719 1732686182 998913268513 °°°°°
1024.  1 200918719 1735335244 998913497233 Jahongir
1025.  1 200918719 1741352114 998992272288 ?????!¿¿¿¿¿
1026.  1 200918719 1741478628 998909959896 Nosirjonov Sarvar
1027.  1 200918719 1742905898 998941309102 Yoqubjon Maxmutaliyev
1028.  1 200918719 1746300205 998905665771 Нодир
1029.  1 200918719 1749418935 998934098084 Yunusali Oxunov
1030.  1 200918719 1749928474 998997843636 Насивалиев. Х, О
1031.  1 200918719 1751272433 998950167720 Кувасой станция
1032.  1 200918719 1752084539 998905892868 Olimjon Rahimov
1033.  1 200918719 1752175056 998916505779 Dilmurod Hamdamov
1034.  1 200918719 1761131834 998911459794 Замира
1035.  1 200918719 1762890891 998903626446 Erkinov
1036.  1 200918719 1766572420 998950013500 00000000000033333333
1037.  1 200918719 1770633973 998908532200 H T
1038.  1 200918719 1770815367 998994339144 Яхёхон Хатамов
1039.  1 200918719 1779736074 998911185375 Iskandar Joraboyev
1040.  1 200918719 1780373157 998916559364 Haydarov MAHAMAD
1041.  1 200918719 1780434478 998905858282 👊👊
1042.  1 200918719 1781088313 998900227878 UzbekTemir yollari (AJ)
1043.  1 200918719 1782807706 998993681519 ___¹⁵
1044.  1 200918719 1784128042 998997918981 Odiljonov Ismoil
1045.  1 200918719 1784251625 998941678118 Зуля
1046.  1 200918719 1784839920 998936594346 .
1047.  1 200918719 1795733737 998913246888 КУРБОНАЛИ 2
1048.  1 200918719 1799155883 998993033870 ÕTKIRJON Rajapov
1049.  1 200918719 1800274362 998911054018 Men
1050.  1 200918719 1800463797 998901555516 Mashrabjon
1051.  1 200918719 1815224489 998905098829 Bekzodjon
1052.  1 200918719 1816578891 998932603194 Зохид Тошматов
1053.  1 200918719 1827379704 998916930755 .
1054.  1 200918719 1830575988 998936401344 Ibroxim Abduraxmonov
1055.  1 200918719 1832535687 998911540726 Baxtiyor Axmedov
1056.  1 200918719 1833069862 998996495305 ➫꯭꯬꯬꯬Bek ꯭✨꯭✌꯭꯭꯭➢
1057.  1 200918719 1834315809 998993095725 Tohirjon Tojiyev
1058.  1 200918719 1836257764 998911306460 Bohodir
1059.  1 200918719 1836710774 998916621432 зилиш
1060.  1 200918719 1836834970 998916999137 Тошматов Умаржон
1061.  1 200918719 1840091677 998940403080 Shahnoza YULDASHIVA
1062.  1 200918719 1843719599 998916690964 Куешбек
1063.  1 200918719 1848314955 998905567803 Zikirillo
1064.  1 200918719 1851455413 998998413256 Maftuna
1065.  1 200918719 1854653123 998945596970 ШЕСЛИВА__ ВСЕХ
1066.  1 200918719 1854939317 998950443009 Наврузбек
1067.  1 200918719 1857288048 998934096964 DIYORKHAN
1068.  1 200918719 1857549076 998994686618 Bisyorbek Muhtorjonov
1069.  1 200918719 1858577166 998908507802 .....
1070.  1 200918719 1872017455 998907777400 𝒜𝒷𝓇𝑜𝓇𝓍𝑜𝓃 𝒜𝓋𝒶𝓏𝑜𝓋𝒾𝒸𝒽
1071.  1 200918719 1884179119 998906273786 МУЗАФФАР ПАРПИЕВ ....
1072.  1 200918719 1888481488 998905861002 TURSUNOV 102
1073.  1 200918719 1891089807 998950151711 Xzir_Official
1074.  1 200918719 1892522424 998940369313 Railway Station
1075.  1 200918719 1901249561 998912034193 L I V E R P O O L.
1076.  1 200918719 1907209927 998338671121 Печатает….
1077.  1 200918719 1907671236 998999890547 AkhmedoF_7
1078.  1 200918719 1913172830 998905707820 𖣘͜͡ ͜͡ ꯭ࠫࠫ𝕽꯭ࠫࠫ𝖆꯭ࠫࠫ𝖍꯭ࠫࠫ𝖒꯭ࠫࠫ𝖆꯭ࠫࠫ𝖙꯭ࠫࠫ𝖎꯭ࠫࠫ𝖑꯭ࠫࠫ𝖑꯭ࠫࠫ𝖔꯭ࠫࠫ ꯭ࠫࠫ01 ꯭ࠫࠫ͜͡
1079.  0 200918719 1914640134 998905899921 ➊꯭꯭🖤꯭꯭꯭꯭ོ🥀꯭𝐌꯭⸽𝐀꯭⸽𝐘꯭⸽𝐔꯭⸽𝐒꯭⸽ ꯭𝐁꯭⸽𝐎꯭⸽𝐋꯭⸽𝐀꯭⸽𝐊꯭⸽𝐀꯭⸽𝐘꯭⸽꯭꯭•꯭|꯭🖤|꯭•꯭
1080.  0 200918719 1917174919 998957977973 Мохинур.
1081.  1 200918719 1918052724 998908314188 Muhayyo
1082.  1 200918719 1925609610 998941545635 xikmatjon
1083.  1 200918719 1926146454 998905884952 Наргизахон Акрамова
1084.  1 200918719 1930265724 998908407474 🕳
1085.  1 200918719 1936996979 998950093163 مالك
1086.  1 200918719 1941119234 998908517215 Sanatjon Qosimov
1087.  1 200918719 1942177546 998911519474 Мухторова Фотимахон
1088.  1 200918719 1947795547 998936747647 Doston Nazaraliyev
1089.  1 200918719 1951326260 998906299218 ....
1090.  1 200918719 1957335634 998999916814 Mamajonov Doniyorjon
1091.  1 200918719 1960338437 998903620095 Mansurov Oybek
1092.  1 200918719 1960972777 998902220204 ,
1093.  1 200918719 1966662066 998978125022 b .karimov
1094.  1 200918719 1975726060 998993995669 Ergasheva Yorkinoy
1095.  1 200918719 1976639398 998937185451 Sirojiddin_MuxammadAli
1096.  1 200918719 1979358628 998911442662 Шухрат Комилжонов
1097.  1 200918719 1980210758 998901337031 بِسْـــــــــــــمِ اللهِ الرَّحْمَنِ الرَّحِـــــــــــــيم
1098.  1 200918719 1989003624 998905569911 .... ......
1099.  1 200918719 1993316893 998938163636 Furqat
1100.  1 200918719 1993967574 998913985298 𝑺𝒂𝒍𝒐𝒉𝒊𝒅𝒅𝒊𝒏
1101.  1 200918719 1994575727 998905866889 Ranoshka
1102.  1 200918719 2003728645 998993290017 𝔒𝛵𝓐𝔅𝓔𝜿
1103.  0 200918719 2008022321 998916897707 ㅤㅤㅤ
1104.  1 200918719 2011938560 998908404932 Абдукодир
1105.  1 200918719 2016935380 998950544997 Nozimjon
1106.  1 200918719 2023304092 998330011824 Жизнерадостный парень
1107.  1 200918719 2025990272 998941722980 21
1108.  1 200918719 2027271011 998911101873 Rustamov
1109.  1 200918719 2040618198 998903068890 Orifjon
1110.  1 200918719 2050429528 998903619300 Alhamdulillah .
1111.  1 200918719 2058343335 998950433734 Munisa
1112.  1 200918719 2059513606 998908083515 Baxtiyor
1113.  1 200918719 2059943404 998971780760 T_ara
1114.  1 200918719 2066667923 998901557800 werty
1115.  1 200918719 2068654539 998903090049 AZIZBEK
1116.  1 200918719 2072313498 998996037741 🥀🌷⚘
1117.  1 200918719 2074771908 998944259473 Shahriniso .
1118.  1 200918719 2075669783 998949743919 ???$$$$???
1119.  1 200918719 2078269009 998905870853 Маруфжон Маматкулов
1120.  1 200918719 2089445631 998972525958 Зафаржон Юлдашев
1121.  1 200918719 2089656070 998907908030 Анваржон Рахмонов
1122.  1 200918719 2091975768 998908613633 Maxmudova M
1123.  1 200918719 2102193507 998970503949 🕋Ясина👨‍👩‍👧
1124.  1 200918719 2104414541 998950131298 @@@$$@@@
1125.  0 200918719 2104456725 998931738844 Xojiakbar Axmadaliyev
1126.  1 200918719 2108026031 998937391262 Ulug'bek
1127.  1 200918719 2110379107 998911352515 BÊKØRÇH BØLÄ
1128.  1 200918719 2112617365 998900570067 . ..
1129.  1 200918719 2113318401 998907911902 Al Qasos Minal Haq😇
1130.  1 200918719 2113945660 998900570206 .
1131.  1 200918719 2114976981 998905354284 Наим
1132.  1 200918719 2116578914 998934924734 Vazira Karimova
1133.  1 200918719 2128227326 998998438400 Asrorjon Madgoziyev
1134.  1 200918719 2131340307 998901550322 Abror
1135.  1 200918719 2133664645 998907790272 Dadaboeva_X
1136.  1 200918719 2147198746 998909908757 Avazbek
1137.  1 200918719 5000054056 998905413196 Muhammadkarim
1138.  1 200918719 5000215276 998905811160 Улугбек Исмоилов
1139.  1 200918719 5007790486 998904071390 Mo'sajon
1140.  1 200918719 5007807411 998930601194 SALOMXON BUZRUKOV
1141.  1 200918719 5012233097 998905651470 Исмоилжон Абдуллаев
1142.  1 200918719 5022928913 998911518738 Muxiddin Mashokirov
1143.  1 200918719 5023116980 998943921771 ...
1144.  1 200918719 5033913681 998908606966 Дилшод Тухтабоев
1145.  1 200918719 5042557469 998911488858 АСИ
1146.  1 200918719 5048962051 998911442281 ZUHRIDDIN MAXMUDOV
1147.  1 200918719 5050636861 998950164526 Xusniddin
1148.  1 200918719 5053105376 998916870594 Ramizjon
1149.  1 200918719 5058282128 998944118448 MAMATQULOV LAZIZBEK
1150.  1 200918719 5060126274 998996942287 Азамбой
1151.  1 200918719 5069262570 998940544050 .
1152.  1 200918719 5070844110 998979558099 Moqqi
1153.  0 200918719 5071090814 998889490606 Muslimbek 🕋
1154.  1 200918719 5073436024 998905339531 Kadirov Dilshod
1155.  1 200918719 5074268207 998908627919 N.Xurshidovna
1156.  1 200918719 5080700409 998901577002 Умаралиевич
1157.  1 200918719 5084838084 998916920464 ? A
1158.  1 200918719 5087417776 998948929692 Ergashali Nazaraliyev
1159.  1 200918719 5091928026 998999079528 Ulug‘bek
1160.  1 200918719 5098757255 998994944841 Farhod
1161.  1 200918719 5101719731 998903089666 Авазбек Йўлчиев
1162.  1 200918719 5110168694 998939284300 .....
1163.  1 200918719 5117991096 998949442200 Р М
1164.  1 200918719 5118584410 998332030555 Mohinoza
1165.  1 200918719 5122094632 998941571808 Жавохир Абдуллаев
1166.  1 200918719 5122670288 998930676054 нигора жумаева
1167.  1 200918719 5130742256 998950089243 ,,,, ,,
1168.  1 200918719 5132032564 998909413093 Maqsad Musurmonqul O'g'li
1169.  1 200918719 5135896085 998943972233 2023 yilga "Insonga eʼtibor va sifatli taʼlim yili"(ﷺ) Alhαmdυlι
1170.  1 200918719 5142535461 998908340242 𝓝𝓲𝓵𝓾𝓯𝓪𝓻 𝓤𝓶𝓲𝓭𝓳𝓪𝓷𝓸𝓿𝓷𝓪 ...🦋
1171.  1 200918719 5149492933 998931377720 🌊
1172.  1 200918719 5151622286 998950085852 ☠™Tim™Tim™☠
1173.  1 200918719 5153275930 998933722772 Умархон
1174.  1 200918719 5165177144 998978195022 Begmatova Naziraxon
1175.  1 200918719 5167118406 998996399297 Meliqōzi Ayupov
1176.  1 200918719 5172088841 998911386616 Ganiyev
1177.  1 200918719 5176240061 998902915857 Мухаммадкодир& Мухаммадумар
1178.  1 200918719 5185796430 998886641333 Хайот
1179.  1 200918719 5187891134 998937309467 Niyozbek
1180.  1 200918719 5188790313 998908565260 1708
1181.  1 200918719 5192404204 998995233922 MEHRIBONLARIM❤❤❤ 💖💖💖
1182.  1 200918719 5195188319 998888519797 Жасурбек Абдурахмонов
1183.  1 200918719 5197459170 998941700051 Abdurahimov Doston
1184.  1 200918719 5198398318 998916932628 Xamrakulov Avazxon
1185.  1 200918719 5199354399 998943287377 ✈✈
1186.  1 200918719 5201461091 998916998740 Оо
1187.  1 200918719 5205587273 998917373606 777
1188.  1 200918719 5209581424 998908534241 Abzalbek
1189.  1 200918719 5224518433 998912023237 Рахимов Хасан Нумонович
1190.  1 200918719 5227627117 998944445625 Yòldashali Meliyev
1191.  1 200918719 5227862739 998330502011 Номоз
1192.  1 200918719 5228139568 998996500102 Rustamaliyev _
1193.  1 200918719 5229367763 998938271177 Abdurashid Tursunboyev
1194.  1 200918719 5233187405 998916611131 $$$$$$$$$ $$$$$$$$$
1195.  1 200918719 5250332942 998972714948 Muhiddin Mo'minov
1196.  1 200918719 5262950957 998940994202 Maftuna
1197.  1 200918719 5266007786 998905097239 Валиeва дилнора
1198.  1 200918719 5266228004 998911091539 💐
1199.  1 200918719 5276707621 998939859898 Иззатбек
1200.  1 200918719 5278434113 998908477380 $$$$ $$$$
1201.  1 200918719 5281306685 998908570656 otabek Turdaliev
1202.  1 200918719 5290569062 998916714110 Xurshidaxon
1203.  1 200918719 5291761126 998916837101 Bobur
1204.  1 200918719 5301379348 998917372066 Akmal
1205.  0 200918719 5318964012 998933756696 М♥Х
1206.  1 200918719 5325602110 998911420484 Sanjarbek
1207.  1 200918719 5328025874 998958030355 Unknown
1208.  1 200918719 5332728132 998932804494 $$$
1209.  1 200918719 5335219644 998888283098 Nafosat Qodiralieva
1210.  1 200918719 5335973291 998911420416 Umarova Mushtariy
1211.  1 200918719 5338836535 998972097009 ✺꯭➣꯭ꪾ🦅 𝑱𝒂𝒎𝒔𝒉𝒊𝒅𝒃𝒆𝒌 🌿꯭✺꯭➢ꪾ
1212.  1 200918719 5342914599 998912030138 ☝️🕋
1213.  1 200918719 5348743804 998910590350 Muhammadazim
1214.  1 200918719 5352478265 998901573335 Bestworld
1215.  1 200918719 5353681034 998911101272 Karimova Mubinaxon
1216.  1 200918719 5353991150 998330550071 Ahrorjon Rahimov
1217.  1 200918719 5359434415 998906997789 Otabek Makhmudjonov
1218.  1 200918719 5363925176 998330136464 Abdulatif Ibodullayev
1219.  1 200918719 5370185735 998943980960 Shamshidin Shomidinov
1220.  1 200918719 5381394590 998941555605 ..... ｡☬ ali ☬｡ .....
1221.  1 200918719 5383514867 998944553424 .R.Z.Z.
1222.  1 200918719 5396280037 998911203202 …
1223.  1 200918719 5410021324 998949052245 🤬🤬🤬Babnik Bola😂😂😂 Huliganka❣❣❣
1224.  1 200918719 5410657712 998907910923 😎😎😎😎😎
1225.  1 200918719 5410692312 998910944949 Baxtiyor
1226.  1 200918719 5424401379 998903040431 Абдумалик Абдухакимов
1227.  1 200918719 5435021241 998903051628 ❤️❤️🕋🕋❤️❤️❤️
1228.  1 200918719 5437948710 998936467228 Ibrohim
1229.  1 200918719 5460818868 998903227179 У. А. Мухамадалиев
1230.  1 200918719 5464829298 998910550595 Анна Бабаянц
1231.  1 200918719 5471777033 998939705141 Agagag
1232.  1 200918719 5475101533 998930929801 Aziza Mamasoliyeva
1233.  1 200918719 5483050087 998905673936 Рустамхужа
1234.  1 200918719 5486196606 998909861192 …. ….
1235.  1 200918719 5499095057 998993665596 Behzod
1236.  1 200918719 5501706752 998903044858 Мухторовна
1237.  1 200918719 5512026242 998994684992 *
1238.  1 200918719 5518980411 998940876400 54833
1239.  1 200918719 5521591802 998905878048 Shoiraxon To'ychiyeva
1240.  1 200918719 5541134699 998950001357 .....
1241.  1 200918719 5557384583 998940265596 Shoxruzbek
1242.  1 200918719 5558389068 998940074123 ㅤㅤㅤㅤㅤ
1243.  1 200918719 5559799879 998913243757 Ikromxon//
1244.  1 200918719 5560352311 998916940769 π
1245.  1 200918719 5569986427 998943013768 Сабр
1246.  1 200918719 5578456880 998972522520 Маматкулов Шерали
1247.  1 200918719 5594598561 998332302747 Арсен
1248.  1 200918719 5597662831 998905566696 Azamat Xalikov
1249.  1 200918719 5602192846 998957977973 Мохинур
1250.  1 200918719 5610610469 998979570203 Shavkatjon
1251.  1 200918719 5617836049 998903605896 Usmonaliyevich_I
1252.  1 200918719 5620409087 998900119091 Asrorjon Abduhalilov
1253.  1 200918719 5625410408 998912024608 Maloxathon Rasulova
1254.  1 200918719 5636279723 998903657775 Shuxratjon
1255.  1 200918719 5643465010 998900598192 Elbek Djuraev
1256.  1 200918719 5645356510 998906407217 Maxmudjon
1257.  1 200918719 5654668434 998916959519 A_zamov
1258.  1 200918719 5656257388 998336000770 ❤️✨
1259.  1 200918719 5673674792 998905883331 Абдухаким
1260.  1 200918719 5676016044 998908456115 Равшанбек Камолжонов
1261.  1 200918719 5684891756 998995305198 Mustafo
1262.  1 200918719 5687529584 998978163388 Alijonova
1263.  1 200918719 5695145226 998931542893 Bobamurod Qobiljanov
1264.  1 200918719 5700663442 998973001998 NerGis
1265.  1 200918719 5710709519 998992097151 Jaxongir Azimov
1266.  1 200918719 5722808504 998937766556 Mustafa
1267.  1 200918719 5728305293 998908571132 FIRDAVSXON JANNATIM
1268.  1 200918719 5743309056 998996344427 Jasur ..
1269.  1 200918719 5744657745 998901511375 Muqimjon Mamatqulov
1270.  1 200918719 5745766392 998945555435 Umidjon.
1271.  1 200918719 5745793635 998905897235 AXMEDOV
1272.  1 200918719 5746590452 998950227123 F.F.E
1273.  1 200918719 5753875618 998902316262 Умму
1274.  1 200918719 5764374739 998901175114 Javoxir
1275.  1 200918719 5779107220 998913259200 Донёр Омонжонов
1276.  1 200918719 5796883018 998916857636 Назиров Ахрор
1277.  1 200918719 5802388410 998972305656 Maxsud Aka
1278.  1 200918719 5813112624 998975908952 Umidjon Ro'zalievich
1279.  1 200918719 5816732664 998339266094 Alijon Abdulaev
1280.  1 200918719 5838176555 998903013390 Shukur
1281.  1 200918719 5840974532 998942801118 Mr_Maxmudov
1282.  1 200918719 5844284473 998905356496 Nodirbek Ibragimov
1283.  1 200918719 5844772561 998917371144 Насибжон Умаров
1284.  1 200918719 5847138910 998911442127 Mansur
1285.  1 200918719 5851826471 998905366958 MANSURJON RAXMONOV
1286.  1 200918719 5856389920 998905655775 Mushtariy Abdullayeva
1287.  1 200918719 5863358583 998900556384 Abdullox
1288.  1 200918719 5863810130 998976304422 Jasurbek
1289.  0 200918719 5872607060 998999900323 Islom
1290.  1 200918719 5880774610 998905660330 ISLOM USMONOV
1291.  1 200918719 5888315401 998975722082 Акмалжон Мадрахимов
1292.  1 200918719 5890906341 998332909727 Iqboljon Nabiyev
1293.  1 200918719 5901465578 998936463390 Shukur
1294.  1 200918719 5911056638 998990443185 Азизахон
1295.  1 200918719 5920098412 998999900323 Islom
1296.  1 200918719 5920386911 998903601198 Yoqubjon
1297.  1 200918719 5922429026 998903026965 Lazokat
1298.  1 200918719 5928658956 998990891002 700 SBA
1299.  1 200918719 5928866339 998904068832 Mo'sinjon Xoji
1300.  1 200918719 5946863053 998911214487 71822
1301.  1 200918719 5948210422 998905867383 Давлатхон Шахобовна
1302.  1 200918719 5949783097 998941323270 .....
1303.  1 200918719 5950521349 998901796074 Исакова
1304.  1 200918719 5954702960 998905701595 Хузайфа
1305.  1 200918719 5955473429 998993021876 Farrux Madibragimov
1306.  1 200918719 5958885387 998939499962 Rasul Bek
1307.  1 200918719 5961985479 998994065035 Alhamdulillah
1308.  1 200918719 5974250261 998949299590 Ulugbek Xoshimov
1309.  1 200918719 5981531043 998911312499 👊R.M👊
1310.  1 200918719 6031413644 998908625595 Aliy
1311.  1 200918719 6170824028 998911306480 Баходир
1312.  1 200918719 6191732504 998993698094 О И
1313.  1 203826696 841718 998937810078 Jaloliddin Yusupov
1314.  1 203826696 56907409 998936092929 Mansur
1315.  1 203826696 93987305 998993296864 Sherzodbek🤲🤲🤲☝️☝️ Rustamov
1316.  1 203826696 147423111 998903848444 Tillayev Kozimjon
1317.  1 203826696 176321394 998905475737 Мажор
1318.  1 203826696 189594763 998941079769 Otabek Mamirov
1319.  1 203826696 193961811 998905734343 Boburjon
1320.  1 203826696 195641495 998916004143 Islomxo'ja
1321.  1 203826696 198036598 998941700099 Umidjon Orziev
1322.  1 203826696 199251718 998902531280 Xabib
1323.  1 203826696 205014133 998901721999 .
1324.  1 203826696 206345681 998916071999 δﻉใร™
1325.  1 203826696 236308731 998912884343 Kozimbek.
1326.  1 203826696 238798757 998902112842 Azizbek
1327.  1 203826696 247959262 998914868281 Хилолахон
1328.  1 203826696 249691945 998903830560 Pahlavon Xonbo'tayev
1329.  1 203826696 321498495 998932444894 @_Yuldashev.....
1330.  1 203826696 322189932 998902533292 Шухратбек
1331.  1 203826696 323644087 998914770099 ⚜хусниддин⚜
1332.  1 203826696 326196898 998932520308 Ulugbek
1333.  1 203826696 346790005 998935498898 ஜ۩۞۩ஜ[ ค๔ђค๓ เภค๓๏ש ]ஜ۩۞۩ஜ
1334.  1 203826696 351310849 998905400690 ФАРХОДБЕК
1335.  1 203826696 370702896 998944060006 Umidjon Sharifboyev
1336.  1 203826696 405850868 998999739401 Soliyev Odiljon .
1337.  1 203826696 408666186 998905417084 Ilhomjon Abdullaev
1338.  1 203826696 433699891 998905456564 Хусанов Раимжон
1339.  1 203826696 459294373 998914809336 Xurshid Bek Mamajonov
1340.  1 203826696 459417293 998996491071 Абдулазиз Пулатов
1341.  1 203826696 478680215 998945056304 _Mr_Aries_Sh
1342.  1 203826696 483659068 998902690814 ElMuRoDjOn
1343.  1 203826696 483821379 998911736969 Dekhkanooofff
1344.  1 203826696 503309736 998914893096 12345
1345.  1 203826696 510683800 998998925053 Я
1346.  1 203826696 513124544 998978343535 ϙᴏᴅɪʀᴏᴠ
1347.  1 203826696 522557270 998916005276 Улугбек 5276
1348.  1 203826696 524754095 998902532660 2660
1349.  1 203826696 526027799 998906268447 Elmurod
1350.  1 203826696 536246472 998911727275 Abdullayev
1351.  1 203826696 536706026 998931852202 Abduvoxid
1352.  1 203826696 538577492 998905299696 9696
1353.  1 203826696 548083617 998932442421 Козимжон 2421
1354.  1 203826696 548325144 998916073453 Олимжон
1355.  1 203826696 561764695 998912881883 Иброхимжон
1356.  1 203826696 562153454 998914945753 🥀Shakx🍺
1357.  1 203826696 568354774 998934960661 Содиков Бахром
1358.  1 203826696 570174674 998941330103 MUslimbEK
1359.  1 203826696 594220815 998914999894 Анваржон
1360.  1 203826696 598646564 998905279932 Андижан-1 Ахтачи СТК
1361.  1 203826696 603510014 998939126448 《 Bunyodbek Abdullayev 》
1362.  1 203826696 613982294 998905477658 Мухиддин
1363.  1 203826696 618479734 998906256800 Оллох Мени суянчим
1364.  1 203826696 674009685 998938114431 Arapov Shukurillo
1365.  1 203826696 684473478 998901455220 ꧁༺➹𓅃𖣘Qodiri𖣘➹𓅂༻꧂
1366.  1 203826696 686341246 998994390959 دَسطنبك
1367.  1 203826696 694869852 998905265378 Тошматов Дилшод Тоштемирович
1368.  1 203826696 698015358 998942797820 Saidabbos Saydullayev
1369.  1 203826696 707979717 998994373768 🖤
1370.  1 203826696 709148993 998943819595 Mirsaid Хaydarov
1371.  1 203826696 716776396 998916032884 Рустамжон Ибрагимов
1372.  1 203826696 724691586 998903835595 00005
1373.  1 203826696 732719791 998999030616 𝑰𝒍𝒇𝒂𝒕𝒃𝒆𝒌🪐
1374.  1 203826696 746275429 998906214850 Shuxratbek
1375.  1 203826696 751922001 998937847760 Шерзодбек
1376.  1 203826696 755109058 998975821542 Боходиржон Тиллабоев
1377.  1 203826696 760694141 998936703300 Азамжон Рафиков
1378.  1 203826696 760744712 998934927528 Снайпер
1379.  1 203826696 771139839 998901461192 Muhammadjon Abduvohidov
1380.  1 203826696 782642844 998908084929 Asadjon Abdullayev
1381.  1 203826696 790294866 998902177733 Takhirjanov
1382.  1 203826696 808315239 998939625753 ㅤㅤㅤJo'rabek
1383.  1 203826696 810444224 998936920322 Durbek
1384.  1 203826696 813266117 998901461007 SHERMUHAMMAD
1385.  1 203826696 834439472 998973242557 2557
1386.  1 203826696 842056439 998999034835 Doniyor Abdurayimov
1387.  1 203826696 843991079 998905474565 Улугбек Юсупов
1388.  1 203826696 850419829 998932620290 Saidodilxon Sobirov
1389.  1 203826696 853331290 998946570956 Farohiddin Tojiddinov
1390.  1 203826696 860392584 998934128881 Азизбек
1391.  1 203826696 867568949 998905288187 😉😉😉
1392.  1 203826696 868225179 998999172001 Shahbozbek
1393.  1 203826696 904937618 998932441141 Murodil Bakhadirovich
1394.  1 203826696 920386294 998902175250 Юнусов Фарходбек
1395.  1 203826696 920492668 998905474575 зохиджон
1396.  1 203826696 928517680 998941501190 Y.M.Abdullayev .
1397.  1 203826696 939089089 998943019399 Muhammadolim
1398.  1 203826696 952768140 998907705884 •ixtiyorbek•
1399.  1 203826696 956148140 998993669556 AZIZBEK
1400.  1 203826696 963797624 998998689064 Shoxruxbek. Sh. Sh.
1401.  1 203826696 964002614 998999055927 Yaxyobek Yusupov
1402.  1 203826696 973220615 998934466474 Шохрух Хабибуллаев 🐊
1403.  1 203826696 993571411 998937806874 Solohiddin
1404.  1 203826696 1000019596 998996388429 Umidjon Muratov
1405.  1 203826696 1006026073 998990972929 Саидбурхон
1406.  1 203826696 1010144084 998934477448 Бекзод Имяминов
1407.  1 203826696 1027790610 998914791103 👑$(2010)$👑
1408.  1 203826696 1034684056 998996028112 Qobiljon Qodirjonov
1409.  1 203826696 1040859851 998990120806 Хайрулло
1410.  1 203826696 1049572703 998914908080 Нодирбек Косимов
1411.  1 203826696 1052246942 996222920010 ️️️3344
1412.  1 203826696 1061079400 998901707610 Достонбек Муталипов
1413.  1 203826696 1065627353 998936311333 ДАВРОНБЕК
1414.  1 203826696 1069647776 998901717274 С А
1415.  1 203826696 1080825970 998941568040 Азизбек
1416.  1 203826696 1091855459 998905299316 Bek Nab
1417.  1 203826696 1092438863 998978332767 Дилбар Маткаликова
1418.  1 203826696 1095964114 998997266804 ZЁМА
1419.  1 203826696 1123600475 998945525222 T么A『Ghɸst』
1420.  1 203826696 1218120616 998990997872 Азизбек Тургунов
1421.  1 203826696 1235399212 998990080318 Mamura Mirzayeva
1422.  1 203826696 1250607348 998992309426 Икром
1423.  1 203826696 1251550725 998999995086 OYBEK ODILOVICH
1424.  1 203826696 1254701174 998901448474 《《《Firdavs》》》
1425.  1 203826696 1256750533 998908660909 Navkar_94 Usmonov
1426.  1 203826696 1285567644 998993685615 БАРОН
1427.  1 203826696 1290273416 998909146991 Akrom Kamoldinov
1428.  1 203826696 1300638304 998911683731 АБДУЛЛАЙЕВ.
1429.  1 203826696 1313537599 998901725021 Abdurasulovich
1430.  1 203826696 1325620952 998994879855 ОМАДУЛЛО РАХМАТУЛЛАЕВИЧ
1431.  1 203826696 1336850143 998978333392 Мухамаджон Абдувохидов
1432.  1 203826696 1339833827 998930678007 Muzaffar
1433.  1 203826696 1362445785 998930608111 🐊اخرج سكين قطع
1434.  1 203826696 1364451668 998905407138 Муратов Дилшод
1435.  1 203826696 1391115672 998945098250 Собиров Азамжон
1436.  1 203826696 1412411795 998914890311 Azizbek
1437.  1 203826696 1481245023 998931969393 Hurshidbek
1438.  1 203826696 1588584335 998901727245 Одилжон
1439.  1 203826696 1606816881 998973329993 Abror Toxtasinov
1440.  1 203826696 1607478582 998939432997 Адхамбой Исаков
1441.  1 203826696 1625042101 998930606122 R.N
1442.  1 203826696 1649771231 998950191118 .
1443.  1 203826696 1672636446 998902048801 А.А.Бабаджанов
1444.  1 203826696 1698670412 998901189797 Акмалбек Каримов
1445.  1 203826696 1721421177 998881619998 Комилжонов
1446.  1 203826696 1723431950 998999994083 Otabek O'lmasov
1447.  1 203826696 1725726972 998990334665 CR 7
1448.  1 203826696 1738088282 998996531555 Шахрам
1449.  1 203826696 1738578052 998975801997 Yorkinbekov.K
1450.  1 203826696 1740817179 998976223130 Mr. Aleg
1451.  1 203826696 1776182978 998996078502 Давронбек Тошматов
1452.  1 203826696 1784231759 998996482384 Baxtiyorjon
1453.  1 203826696 1822468122 998905711771 الهامدؤللااه
1454.  1 203826696 1829356895 998937304506 Baxromjon Norinov
1455.  1 203826696 1843136212 998905252872 Абдулхаким Абдувахобов
1456.  1 203826696 1858906851 998902177201 печатаетъ.....
1457.  1 203826696 1859766628 998937896886 исматуллаева_с
1458.  1 203826696 1893208992 998944369699 Бегзоджон
1459.  1 203826696 1895073041 998979756363 XabibulloX
1460.  1 203826696 1898900177 998996357775 Akmal Polatov
1461.  1 203826696 1908697720 998940156262 『JAMSHIDBEK』
1462.  1 203826696 1922022174 998901437797 🤑Тоⷬвͬаͦрищ Начальник 👑
1463.  1 203826696 1940374312 998902037454 ➣꯭꯭🐼꙲꙰꙲꯭꯭ 𝑯𝒊𝒌𝒎𝒂𝒕𝒊𝒍𝒍𝒐 🐊꙰꙲꯭➣
1464.  1 203826696 1977820605 998995371806 .
1465.  1 203826696 1988197437 998979924268 K
1466.  1 203826696 2012350430 998999804554 7777
1467.  1 203826696 2017166043 998994633433 @UsNi_97
1468.  1 203826696 2134044254 998932747344 🇺🇿🇺🇿Andijon ogloni🇺🇿🇺🇿
1469.  1 203826696 2143476318 998914802810 Хамидуло
1470.  1 203826696 5029743117 998934455146 ☪♏usli♏☪
1471.  1 203826696 5037796547 998330213747 Омадулло Рахматуллаевич
1472.  1 203826696 5039116380 998973729393 Адхамбой Исаков
1473.  1 203826696 5050786076 998999337269 Abdullayev Isroil
1474.  1 203826696 5073489715 998990602660 Илхомжон
1475.  1 203826696 5088716332 998973397076 Boburmirzo Tursunov
1476.  1 203826696 5119137499 998950851595 Ismoil Turdaliyev
1477.  1 203826696 5189604146 998934089878 Гофиржон Жураев
1478.  1 203826696 5242524969 998911708805 М
1479.  1 203826696 5254475828 998902172187 Юсупов М.
1480.  1 203826696 5274812122 998993412421 Козимжон
1481.  1 203826696 5352046805 998931173535 Real chempion
1482.  1 203826696 5400973136 998937554570 .....
1483.  1 203826696 5419047147 998992310507 Мансур Кодиров
1484.  1 203826696 5427122686 998905473844 🚂🚃🚃🚃
1485.  1 203826696 5441882280 998996482384 Baxtiyorjon
1486.  1 203826696 5452722733 998979977794 Abdurashid
1487.  1 203826696 5467806690 998941445478 Alhamdulillah
1488.  1 203826696 5480476843 998905732001 Umriddin
1489.  1 203826696 5487791593 998950024083 ....
1490.  1 203826696 5511863159 998907668808 00005
1491.  1 203826696 5522693367 998979951998 701
1492.  1 203826696 5543496991 998999072528 Hamidullo
1493.  1 203826696 5545663172 998937065046 ......
1494.  1 203826696 5552654424 998943050628 Asadbek
1495.  1 203826696 5554235175 998914756695 Oybek .
1496.  1 203826696 5568211306 998911615021 🇺🇿
1497.  1 203826696 5578717307 998979926393 Obidov Bobur Mirzo
1498.  1 203826696 5597679784 998932654044 Usmonjonov Uluğbek
1499.  1 203826696 5604338597 998979578707 одилжон
1500.  1 203826696 5606806318 998770008463 Bek
1501.  1 203826696 5610153778 998907705051 MaGaa_99
1502.  1 203826696 5622009338 998336266804 ZЁМА
1503.  1 203826696 5666360369 998970601411 .
1504.  1 203826696 5673424785 998945067798 Mirzamaxmud Abdugʻafforov STVL-1
1505.  1 203826696 5705265585 998914858081 ابروربيك
1506.  1 203826696 5709750864 998931602750 Мухаммадумар
1507.  1 203826696 5755519535 998992223974 Odiljon
1508.  1 203826696 5776344610 998937554570 ^-^
1509.  1 203826696 5793558349 998957870010 ""
1510.  1 203826696 5829986779 998902599919 MIROBIDJON Numonov
1511.  1 203826696 5840865027 998977471313 Sss
1512.  1 203826696 5872545255 998996320201 PαDιsHαkћ 👑
1513.  1 203826696 5875687935 998916029903 ......
1514.  1 203826696 5878469629 998934410502 Avazbek Abduraimov
1515.  1 203826696 5894355783 998945066050 Ulug'bek
1516.  1 203826696 5957156691 998990502157 777
1517.  1 203826696 6078644043 998945013344 Шукрона
1518.  1 203826696 6116331860 998996341162 Oltinboy
